  -4.1098813913271060e+03
  -4.4667018949862932e+03
  -4.8014555558466891e+03
  -5.1124366459058401e+03
  -5.3980567546311368e+03
  -5.6568533238791188e+03
  -5.8874976630263473e+03
  -6.0888023093981828e+03
  -6.2597278762581063e+03
  -6.3993891037690355e+03
  -6.5070599121592813e+03
  -6.5821776282569281e+03
  -6.6243463825050731e+03
  -6.6333394152309338e+03
  -6.6091005962279050e+03
  -6.5517450911312080e+03
  -6.4615588208531199e+03
  -6.3389970891657167e+03
  -6.1846821196768487e+03
  -5.9993998465670575e+03
  -5.7840948810975151e+03
  -5.5398651881331034e+03
  -5.2679565915684807e+03
  -4.9697558164850598e+03
  -4.6467827152149775e+03
  -4.3006822470481529e+03
  -3.9332156703448254e+03
  -3.5462510734553375e+03
  -3.1417532102094688e+03
  -2.7217731184537524e+03
  -2.2884374972095466e+03
  -1.8439379541960100e+03
  -1.3905198355832067e+03
  -9.3047080769261868e+02
  -4.6610922865749973e+02
   2.2753380657606703e-01
   4.6619467235918876e+02
   9.2945183380871060e+02
   1.3876747669941180e+03
   1.8385667868274547e+03
   2.2798703731593187e+03
   2.7093781978856991e+03
   3.1249442092004056e+03
   3.5244945157952493e+03
   3.9060377247506021e+03
   4.2676748434523843e+03
   4.6076088861787912e+03
   4.9241545968794553e+03
   5.2157469681589755e+03
   5.4809485379158286e+03
   5.7184563020133110e+03
   5.9271098795148446e+03
   6.1058986400047570e+03
   6.2539647687915794e+03
   6.3706083698731854e+03
   6.4552914830015943e+03
   6.5076399598036242e+03
   6.5274454101820520e+03
   6.5146661401112306e+03
   6.4694267442979144e+03
   6.3920171359395836e+03
   6.2828906727047615e+03
   6.1426613080914267e+03
   5.9720999363250858e+03
   5.7721298375155584e+03
   5.5438213084977306e+03
   5.2883855408408717e+03
   5.0071676839044621e+03
   4.7016392549229840e+03
   4.3733900335068374e+03
   4.0241194148029540e+03
   3.6556276029015116e+03
   3.2698059823123417e+03
   2.8686270079921765e+03
   2.4541341619418990e+03
   2.0284314855125494e+03
   1.5936732321925958e+03
   1.1520531781476827e+03
   7.0579345687362752e+02
   2.5713385225353761e+02
  -1.9167929343073524e+02
  -6.3840414986686881e+02
  -1.0808140129635526e+03
  -1.5167082455034920e+03
  -1.9439225319322379e+03
  -2.3603394312205173e+03
  -2.7638991115904446e+03
  -3.1526093609627183e+03
  -3.5245552502913915e+03
  -3.8779086537569574e+03
  -4.2109374421976463e+03
  -4.5220143279303338e+03
  -4.8096251229625977e+03
  -5.0723765820520121e+03
  -5.3090036207144776e+03
  -5.5183758923416526e+03
  -5.6995037395175796e+03
  -5.8515434071690088e+03
  -5.9738016069393452e+03
  -6.0657392163796330e+03
  -6.1269741971949225e+03
  -6.1572836001288306e+03
  -6.1566046013361529e+03
  -6.1250345770830099e+03
  -6.0628303282870347e+03
  -5.9704064037641065e+03
  -5.8483324778026654e+03
  -5.6973297817311332e+03
  -5.5182667211152675e+03
  -5.3121536754029385e+03
  -5.0801369828688930e+03
  -4.8234922304785077e+03
  -4.5436168444410423e+03
  -4.2420221066321910e+03
  -3.9203247229980975e+03
  -3.5802376179410862e+03
  -3.2235601583301868e+03
  -2.8521685048122772e+03
  -2.4680053925192992e+03
  -2.0730698947703354e+03
  -1.6694069082665967e+03
  -1.2590961931924617e+03
  -8.4424142675989879e+02
  -4.2695937086634524e+02
  -9.3694899798187041e+00
   4.0641681404867137e+02
   8.1830693207143577e+02
   1.2242374871998265e+03
   1.6221845555874181e+03
   2.0101738439662927e+03
   2.3862902111574003e+03
   2.7486870382012166e+03
   3.0955953427885088e+03
   3.4253325043038612e+03
   3.7363105075266335e+03
   4.0270436607161000e+03
   4.2961560491058035e+03
   4.5423882932467204e+03
   4.7646034347374480e+03
   4.9617923746697952e+03
   5.1330784290820220e+03
   5.2777222742133063e+03
   5.3951254576396659e+03
   5.4848326956381470e+03
   5.5465335833238278e+03
   5.5800636955029213e+03
   5.5854049266430793e+03
   5.5626848763961443e+03
   5.5121752481049898e+03
   5.4342895914864912e+03
   5.3295804781757188e+03
   5.1987357237799961e+03
   5.0425737994201227e+03
   4.8620386693717937e+03
   4.6581938660594442e+03
   4.4322159707836272e+03
   4.1853875196719791e+03
   3.9190895936888182e+03
   3.6347940076716595e+03
   3.3340549212039646e+03
   3.0185000256716248e+03
   2.6898215040080449e+03
   2.3497670617504041e+03
   2.0001305216436620e+03
   1.6427422637364775e+03
   1.2794597851424323e+03
   9.1215815013117970e+02
   5.4272065538614288e+02
   1.7302947968589902e+02
  -1.9504391476131937e+02
  -5.5964804835186146e+02
  -9.1896028124091310e+02
  -1.2711957706414896e+03
  -1.6146158666694221e+03
  -1.9475365495279668e+03
  -2.2683366235435815e+03
  -2.5754656767085148e+03
  -2.8674513644619296e+03
  -3.1429065106825283e+03
  -3.4005357994424335e+03
  -3.6391421432023362e+03
  -3.8576326447149472e+03
  -4.0550238612835738e+03
  -4.2304465465985304e+03
  -4.3831498123892452e+03
  -4.5125047652643889e+03
  -4.6180075099259020e+03
  -4.6992813068799323e+03
  -4.7560782043703084e+03
  -4.7882799240106069e+03
  -4.7958979427879203e+03
  -4.7790729089669630e+03
  -4.7380733585415610e+03
  -4.6732936356733453e+03
  -4.5852510773185168e+03
  -4.4745824191858628e+03
  -4.3420394769245140e+03
  -4.1884842709422110e+03
  -4.0148834979367489e+03
  -3.8223023341589483e+03
