  -2.6053682282452322e+04   1.3333082706705794e+04  -2.3765411661690545e+04  -1.5026606448739449e+04   7.4009871224485437e+01  -1.0096291072185173e+04  -1.7738296912894435e+04  -3.0382789579217051e+03  -2.4388921014161973e+04   0.0000000000000000e+00   0.0000000000000000e+00   0.0000000000000000e+00
  -2.6034672886367160e+04  -2.3684952666711313e+04  -1.4994607810358228e+04   1.8900664123983265e+02  -1.0041820274116999e+04  -1.7838781300538511e+04  -3.1539239770037511e+03  -2.4408270848922413e+04   0.0000000000000000e+00   0.0000000000000000e+00   0.0000000000000000e+00   0.0000000000000000e+00
  -2.6014306677337128e+04  -2.3603456611086029e+04  -1.4963149637583570e+04   3.0484959099938737e+02  -9.9880169316544179e+03  -1.7938109909716357e+04  -3.2702527669031738e+03  -2.4426591208202597e+04   0.0000000000000000e+00   0.0000000000000000e+00   0.0000000000000000e+00   0.0000000000000000e+00
  -2.5992588733014425e+04  -2.3520934150163768e+04  -1.4932233416241417e+04   4.2153214296682637e+02  -9.9348808579418255e+03  -1.8036277027390024e+04  -3.3872582760034165e+03  -2.4443874682669259e+04   0.0000000000000000e+00   0.0000000000000000e+00   0.0000000000000000e+00   0.0000000000000000e+00
  -2.5969524303326893e+04  -2.3437396057897124e+04  -1.4901860480553250e+04   5.3904755528120006e+02  -9.8824117003219653e+03  -1.8133277103788612e+04  -3.5049333139698092e+03  -2.4460113980060840e+04   0.0000000000000000e+00   0.0000000000000000e+00   0.0000000000000000e+00   0.0000000000000000e+00
  -2.5945118809434491e+04  -2.3352853224948325e+04  -1.4872032012956621e+04   6.5738892264808737e+02  -9.8306089403615151e+03  -1.8229104753050742e+04  -3.6232705525822212e+03  -2.4475301926581345e+04   0.0000000000000000e+00   0.0000000000000000e+00   0.0000000000000000e+00   0.0000000000000000e+00
  -2.5919377842854337e+04  -2.3267316656887542e+04  -1.4842749043997277e+04   7.7654917719543607e+02  -9.7794718944951164e+03  -1.8323754753979480e+04  -3.7422625268477254e+03  -2.4489431468357754e+04   0.0000000000000000e+00   0.0000000000000000e+00   0.0000000000000000e+00   0.0000000000000000e+00
  -2.5892307164381651e+04  -1.9346301146279966e+04  -2.3180797472272876e+04  -1.4814012452207409e+04   8.9652108941741449e+02  -9.7289997141756539e+03  -1.8417222050644214e+04  -3.8619016359064503e+03  -2.4502495672804584e+04   0.0000000000000000e+00   0.0000000000000000e+00   0.0000000000000000e+00
  -2.5863912703033609e+04  -1.9444485428261021e+04  -2.3093306900740776e+04  -1.4785822964022111e+04   1.0172972691311053e+03  -9.6791913862066831e+03  -1.8509501752990644e+04  -3.9821801440263353e+03  -2.4514487729990011e+04   0.0000000000000000e+00   0.0000000000000000e+00   0.0000000000000000e+00
  -2.5834200554965686e+04  -1.9542389256747949e+04  -2.3004856281078457e+04  -1.4441700171579692e+04  -1.4758181153722293e+04  -9.6300457331067410e+03  -1.8600589137422998e+04  -4.1030901816208861e+03  -2.4525400953982473e+04   0.0000000000000000e+00   0.0000000000000000e+00   0.0000000000000000e+00
  -2.5803176982360805e+04  -1.9639999037624610e+04  -2.2915457059278957e+04  -1.4299023153354790e+04  -1.4731087443404336e+04  -9.5815614135055330e+03  -1.8690479647358305e+04  -4.2246237462898089e+03  -1.3456162905298703e+04  -2.4535228784177289e+04   0.0000000000000000e+00   0.0000000000000000e+00
  -2.5770848412291612e+04  -1.9737301167378140e+04  -2.2825120786579038e+04  -1.4155938193833110e+04  -1.4704542102976317e+04  -9.5337369225718994e+03  -1.8779168893752907e+04  -1.3445755755403388e+04  -2.4543964786603145e+04   0.0000000000000000e+00   0.0000000000000000e+00   0.0000000000000000e+00
  -2.5737221435555817e+04  -1.9834282035400822e+04  -2.2733859117480282e+04  -1.4012459399558813e+04  -1.4678545250180856e+04  -1.0981636065148698e+04  -9.4865705924732974e+03  -1.8866652655600876e+04  -1.3435469090366767e+04  -2.4551602655207924e+04   0.0000000000000000e+00   0.0000000000000000e+00
  -2.5702302805485113e+04  -1.9930928026295071e+04  -2.2641683807753914e+04  -1.3868600903295346e+04  -1.4653096850644572e+04  -1.1102538989457298e+04  -9.4400605928671284e+03  -1.8952926880404360e+04  -1.3425313493455118e+04  -2.4558136213124082e+04   0.0000000000000000e+00   0.0000000000000000e+00
  -2.5666099436727840e+04  -2.0027225522180845e+04  -2.2548606712429526e+04  -1.3724376861772300e+04  -1.4628196717954266e+04  -1.1223831189288429e+04  -1.9037987684615888e+04  -1.3415299478015444e+04  -2.4563559413912655e+04   0.0000000000000000e+00   0.0000000000000000e+00   0.0000000000000000e+00
  -2.5628618404005327e+04  -2.0123160905005410e+04  -2.2454639783768322e+04  -1.3579801453430118e+04  -1.4603844513759532e+04  -1.1345500844770297e+04  -1.9121831354052512e+04  -1.3405437485633687e+04  -2.4567866342786365e+04   0.0000000000000000e+00   0.0000000000000000e+00   0.0000000000000000e+00
  -2.5589866940842519e+04  -2.0218720558854639e+04  -2.2359795069220832e+04  -1.3434888876163081e+04  -1.1467536022643331e+04  -1.9204454344281658e+04  -1.3395737884306389e+04  -2.4571051217810913e+04   0.0000000000000000e+00   0.0000000000000000e+00   0.0000000000000000e+00   0.0000000000000000e+00
  -2.5549852438272970e+04  -2.0313890872265893e+04  -2.2264084709370098e+04  -1.3289653345060951e+04  -1.1589924678084253e+04  -1.9285853280978816e+04  -1.3386210966625851e+04  -2.4573108391084628e+04   0.0000000000000000e+00   0.0000000000000000e+00   0.0000000000000000e+00   0.0000000000000000e+00
  -2.5508582443506486e+04  -2.0408658240516197e+04  -2.2167520935854365e+04  -1.3144109090138056e+04  -1.1712654656539937e+04  -3.2212751130029446e+03  -1.9366024960244897e+04  -1.3376866947954373e+04  -2.4574032349885751e+04   0.0000000000000000e+00   0.0000000000000000e+00   0.0000000000000000e+00
  -2.5466064658597668e+04  -2.0503009067966603e+04  -2.2070116069288280e+04  -1.2998270354087268e+04  -1.1835713695609898e+04  -3.0769086811363400e+03  -1.9444966348921513e+04  -1.3367715964666890e+04  -2.4573817717819948e+04   0.0000000000000000e+00   0.0000000000000000e+00   0.0000000000000000e+00
  -2.5422306939106373e+04  -2.0596929770442483e+04  -2.1971882517179034e+04  -1.2852151390050773e+04  -1.1959089426967495e+04  -2.9330222926613064e+03  -1.9522674584894925e+04  -1.3358768072443285e+04  -2.4572459255959624e+04   0.0000000000000000e+00   0.0000000000000000e+00   0.0000000000000000e+00
  -2.5377317292647229e+04  -2.0690406777429660e+04  -2.1872832771786474e+04  -1.2705766459305674e+04  -1.2082769378213845e+04  -2.7896272249619137e+03  -1.9599146977284607e+04  -1.3350033244394954e+04  -2.4569951863886352e+04   0.0000000000000000e+00   0.0000000000000000e+00   0.0000000000000000e+00
  -2.5331103877492300e+04  -2.0783426534434795e+04  -2.1772979408008465e+04  -1.2559129829026788e+04  -1.2206740974832077e+04  -2.6467346464637826e+03  -1.9674381006681382e+04  -1.3341521369367960e+04  -2.4566290580776989e+04   0.0000000000000000e+00   0.0000000000000000e+00   0.0000000000000000e+00
  -2.5283675001127245e+04  -2.0875975505297451e+04  -1.2412255770028494e+04   2.4000140154471273e+03  -1.2330991542139545e+04  -2.5043556149623187e+03  -1.9748374325335015e+04  -1.3333242250215028e+04  -2.4561470586447223e+04   0.0000000000000000e+00   0.0000000000000000e+00   0.0000000000000000e+00
  -2.5235039118783810e+04  -2.0968040174500682e+04  -1.2265158554508142e+04   2.5378418260337453e+03  -1.2455508307260314e+04  -2.3625010759730098e+03  -1.9821124757313282e+04  -1.3325205602082933e+04  -2.4555487202372075e+04   0.0000000000000000e+00   0.0000000000000000e+00   0.0000000000000000e+00
  -2.5185204831948660e+04  -2.1059607049479746e+04   1.1943262204697641e+04  -1.2117852453791074e+04   2.6750077206768669e+03  -1.2580278401117672e+04  -2.2211818611041117e+03  -1.9892630298632674e+04  -1.3317421050715353e+04  -2.4548335892682302e+04   0.0000000000000000e+00   0.0000000000000000e+00
  -2.1150662662928313e+04   1.1799358355577850e+04  -1.1970351736078068e+04   2.8115021867312194e+03  -1.2705288860446333e+04  -2.0804086864519836e+03  -1.9962889117360723e+04   1.0670510222087290e+04  -1.3309898130771628e+04  -2.4540012265137269e+04   2.9216551904792627e+03   0.0000000000000000e+00
  -2.1241193575102116e+04   1.1655403250778176e+04  -1.1822670664195115e+04   2.9473158296503739e+03  -1.2830526629823975e+04  -1.9401921510193317e+03   1.0797666525612589e+04  -1.3302646284161430e+04  -2.4530512072073543e+04   2.8999434808324177e+03   0.0000000000000000e+00   0.0000000000000000e+00
  -2.1331186376119244e+04   1.1511410681783862e+04  -1.1674823493346319e+04   3.0824393742989937e+03  -1.2955978563721888e+04  -1.8005427351566368e+03   1.0925110798882070e+04  -1.3295674858395780e+04   2.8785620543461755e+03   0.0000000000000000e+00   0.0000000000000000e+00   0.0000000000000000e+00
   1.5865838503419396e+04  -2.1420627688256973e+04   1.1367394407813363e+04  -1.1526824468870089e+04   3.2168636662452664e+03  -1.3081631428574306e+04  -1.6614707990270158e+03   1.6493143608387163e+04   1.1052831696986783e+04  -1.3288993104954492e+04   2.8575011183919860e+03   0.0000000000000000e+00
   1.5854469891872432e+04  -2.1509504168244606e+04   1.1223368153664109e+04  -1.1378687823999006e+04   3.3505796730332959e+03  -1.3207471904866061e+04  -1.5229865810947695e+03   1.6354013929095467e+04   1.1180817788338863e+04  -1.3282610177670304e+04   2.8367508101146491e+03   0.0000000000000000e+00
   1.5843549399488224e+04  -2.1597802509551973e+04   1.1079345607565230e+04  -1.1230427777623872e+04   3.4835784854353037e+03  -1.3333486589238408e+04  -1.3851001966378756e+03   1.6214411106094327e+04   1.1309057556440121e+04  -1.3276535131129980e+04   2.8163011983827882e+03   0.0000000000000000e+00
   1.5833081863080457e+04  -2.1685509444672894e+04   1.0935340419038022e+04  -1.1082058532062185e+04   3.6158513186833820e+03  -1.3459661996612462e+04  -1.2478216362846458e+03   1.6074350646656478e+04   1.1437539401665030e+04  -1.3270776919092557e+04   1.9889654475065006e+04   2.7961422857510315e+03
   1.5823071984779795e+04  -2.1772611747414925e+04   1.0791366196757928e+04  -1.0933594270838426e+04   3.7473895136747019e+03  -1.3585984562331503e+04  -1.1111607645787165e+03   1.5933848093730818e+04   1.1566251643049558e+04  -1.3265344392933088e+04   1.9988448912710170e+04   2.7762640104314373e+03
   1.5813524331157207e+04  -2.1859096235158937e+04   1.0647436506438295e+04  -1.0785049156454485e+04   3.8781845381689054e+03  -1.3712440644317061e+04  -9.7512731856013670e+02   1.5792919023225888e+04   1.1695182520111608e+04  -1.3260246300086095e+04   2.0086861314238547e+04   2.7566562482808026e+03
   1.5804443332356759e+04  -2.1944949771097057e+04   1.0503564868731453e+04  -1.0636437328155802e+04   4.0082279879729658e+03  -1.3839016525239513e+04  -8.3973090636577206e+02   1.5651579041290224e+04   1.1824320194696491e+04  -1.3255491282495115e+04   2.0184878685803818e+04   2.7373088148018469e+03
   1.5795833281317735e+04  -2.2030159266544688e+04   1.0359764757094028e+04  -1.0487772899753800e+04   4.1375115880617668e+03  -1.3965698414715827e+04  -7.0498100588315970e+02   1.5509843781574389e+04   1.1953652752776221e+04  -1.3251087875139747e+04   2.0282488036321814e+04   2.7182114671388181e+03
   1.5787698332959644e+04  -2.2114711683173471e+04   1.0216049595701630e+04  -1.0339069957409574e+04   4.2660271937159878e+03  -1.4092472451513491e+04  -5.7088696340422484e+02   1.5367728902500570e+04   1.2083168206314740e+04  -1.3247044504527645e+04   2.0379676379635275e+04   2.6993539060975349e+03
   1.5780042503407240e+04  -2.2198594035257720e+04   1.0072432757361714e+04  -1.0190342557437203e+04   4.3937667916274477e+03  -1.4219324705772835e+04  -4.3745799231177705e+02   1.5225250084524812e+04   1.2212854495130554e+04  -1.3243369487219958e+04   2.0476430736674341e+04   2.6807257781709218e+03
   1.5772869669238506e+04   9.9289275614364906e+03  -1.0041604724114188e+04   4.5207225009827298e+03  -1.4346241181244528e+04  -3.0470317179171252e+02   1.5082423027396122e+04   1.2342699488771470e+04  -1.3240071028375522e+04   2.0572738137620094e+04   2.6623166775739724e+03   0.0000000000000000e+00
   1.5766183566755826e+04   9.7855472717761186e+03  -9.8928704474992719e+03   4.6468865745249950e+03  -1.4473207817541903e+04  -1.7263144557111872e+02   1.4939263447412744e+04   1.2472690988401242e+04  -1.3237157220313748e+04   2.0668585624071020e+04   2.6441161482876937e+03   0.0000000000000000e+00
   1.5759987791280406e+04   1.2581447564555598e+04   9.6423050946626336e+03  -9.7441536812581653e+03   4.7722513995937206e+03  -1.4600210492407792e+04  -4.1251620682482354e+01   1.4795787074676420e+04   1.2602816728697779e+04  -1.3234636041096535e+04   2.0763960251211895e+04   2.6261136861117375e+03
   1.5754285796470220e+04   1.2588192448021235e+04   9.4992141767649009e+03  -9.5954683404974276e+03   4.8968094991422822e+03  -1.4727235023995305e+04   8.9427633745827052e+01   1.4652009650345033e+04   1.2733064379762543e+04  -1.3232515353129424e+04   2.0858849089984746e+04   2.6082987407252222e+03
   1.5749080893661270e+04   1.2595254036248461e+04   9.3562876031049018e+03  -9.4468282996068956e+03   5.0205535327332109e+03  -1.4854267173162425e+04   2.1939778767261080e+02   1.4507946923884421e+04   1.2863421549040933e+04  -1.3230802901781983e+04   2.0953239229261679e+04   0.0000000000000000e+00
   1.5744376251232754e+04   1.2602640143794479e+04   9.2135383950358028e+03  -9.2982473901109970e+03   5.1434762975108997e+03  -1.4981292645779833e+04   3.4865045130026289e+02   1.4363614650319700e+04   1.2993875783253212e+04   2.1047117778018830e+04   1.8155991245474270e+04   0.0000000000000000e+00
   1.5740174893995811e+04   1.2610358482233929e+04   9.0709795082320470e+03  -9.1497393985293857e+03   5.2655707291517147e+03   4.7717737620438703e+02   1.4219028587486921e+04   1.3124414570335672e+04   2.1140471867511540e+04   1.8091214231484868e+04   0.0000000000000000e+00   0.0000000000000000e+00
   1.5736479702606262e+04   1.2618416658698883e+04   8.9286238306918094e+03  -9.0013180642471161e+03   5.3868299027912772e+03   6.0497045643645606e+02   1.4074204493285450e+04   1.3255025341391894e+04   2.0907628929760162e+04   2.1233288653449905e+04   1.8025233167230079e+04   0.0000000000000000e+00
   1.5733293413001287e+04   1.2626822174437322e+04   8.7864841807522243e+03  -8.8529970773948444e+03   5.5072470339288211e+03   2.0609866354086040e+04   7.3202172959934546e+02   1.3929158122931818e+04   1.3385695472653484e+04   2.0865498141907163e+04   2.1325555318174789e+04   1.7958049132698598e+04
   1.5730618615853904e+04   1.2635582423401314e+04   8.6445733051144925e+03   5.6268154793140720e+03   2.0661762053012895e+04   8.5832337790024610e+02   1.3783905226216202e+04   1.3516412287453746e+04   2.0822070082138358e+04   2.1417259072837867e+04   1.7889663376432723e+04   0.0000000000000000e+00
   1.5728457756065489e+04   1.2644704690830577e+04   8.5029038768892460e+03   5.7455287377986378e+03   2.0712359912551765e+04   9.8386772916602501e+02   1.3638461544759906e+04   1.3647163058202575e+04   2.0777341992606034e+04   2.1508387159571714e+04   1.7820077315340543e+04   0.0000000000000000e+00
   1.5726813132291729e+04   1.2654196151839960e+04   8.3614884936600956e+03   2.3447412650411989e+04   5.8633804511560857e+03   2.0761661044217883e+04   1.1086472578244322e+03   1.3492842809274711e+04   1.3777935008364651e+04   2.0731311295764652e+04   2.1598926853652421e+04   1.7749292534480493e+04
   1.5725686896446721e+04   1.2664063870104672e+04   8.2203396755383746e+03   2.3371810231903724e+04   5.9803644049192444e+03   2.0809666738580087e+04   1.2326545858913003e+03   1.3347064736831679e+04   1.3908715314472338e+04   2.0683975595187327e+04   2.1688865465693234e+04   1.7677310786823218e+04
   1.5725081053273077e+04   1.2674314796495026e+04   8.0794698632527006e+03   2.3295359348238388e+04   6.0964745291573799e+03   2.0856378464815971e+04   1.3558824838997277e+03   1.3201143028129189e+04   1.4039491108122933e+04   2.0635332676338268e+04   2.1778190343807648e+04   1.7604133992983137e+04
   1.5724997459924725e+04   1.2684955767751071e+04   7.9388914162474239e+03   2.3218071570560682e+04   6.2117048992400642e+03   2.0901797870232083e+04   1.4783238718099581e+03   1.3055093364767206e+04   1.4170249477990403e+04   2.0585380507318776e+04   2.1866888875778623e+04   1.7529764240924633e+04
   1.5725437825574441e+04   1.2695993505177459e+04   7.7986166107959507e+03   2.3139958554579574e+04   6.3260497365771544e+03   2.0945926779754547e+04   1.5999718198912055e+03   1.2908931406527043e+04   1.4300977471844326e+04   2.0534117239582345e+04   2.1954948491225241e+04   1.7454203785641730e+04
   1.5726403711046150e+04   1.2707434613358520e+04   7.6586576381294799e+03   2.3061032038594039e+04   6.4395034093348640e+03   2.0988767195390734e+04   1.7208195495753166e+03   1.2762672788657128e+04   1.4431662098575915e+04   2.0481541208618812e+04   2.2042356663766801e+04   1.7377455048811629e+04
   1.5727896528472045e+04   1.2719285578893887e+04   7.5190266025812862e+03   2.2981303841505302e+04   6.5520604331276545e+03   2.1030321295661477e+04   1.8408604342821591e+03   1.2616333119165323e+04   1.4562290330230604e+04   2.0427650934607413e+04   2.2129100913183247e+04   1.7299520618422030e+04
   1.5729917540974735e+04   1.2731552769154920e+04   2.2900785860815606e+04   6.6637154716859841e+03   2.1070591435004437e+04   1.2469927976118435e+04   1.4692849104047087e+04   2.0372445123038422e+04   2.2215168807572416e+04   1.7220403248372524e+04   0.0000000000000000e+00   0.0000000000000000e+00
   1.5732467862374255e+04   1.2744242431061972e+04   1.5537875760670613e+04   2.2819490070614243e+04   6.7744633374997420e+03   2.1109580143148512e+04   7.8750143058172534e+03   1.2323472904949385e+04   1.4823325324502168e+04   2.0315922665303224e+04   2.2300547965502832e+04   1.7140105858050079e+04
   1.5735548456920305e+04   1.2757360689882833e+04   1.5546809720359790e+04   2.2737428519550700e+04   6.8842989924372478e+03   2.1147290124459472e+04   8.0236440551437890e+03   1.2176983415772751e+04   1.4953705865361373e+04   2.0258082639252647e+04   2.2385226058162370e+04   1.7058631531878804e+04
   1.5739160139049582e+04   1.2770913548052480e+04   1.5556272777583621e+04   2.2654613328795785e+04   6.9932175483397559e+03   2.1183724257256934e+04   8.1725054438311008e+03   1.5083977571734873e+04   2.0198924309723381e+04   2.2469190811501896e+04   1.6975983518844165e+04   0.0000000000000000e+00
   1.2784906884014310e+04   1.5566261389893978e+04   2.2571056689990670e+04   7.1012142675913547e+03   2.1218885593102870e+04   8.3215846360983960e+03   1.5214127262138318e+04   2.0138447129032222e+04   2.2552430008373838e+04   1.6892165231991752e+04   0.0000000000000000e+00   0.0000000000000000e+00
   1.2799346451083071e+04   1.5576771866789159e+04   2.2486770863184411e+04   2.1252777356061757e+04   8.4708677250559649e+03   1.1980373763333202e+04   1.5344141730558335e+04   2.0076650737438034e+04   2.2634931490665058e+04   1.6807180247900764e+04   0.0000000000000000e+00   0.0000000000000000e+00
   1.2814237876320514e+04   1.5587800370318091e+04   2.2401768174759382e+04   2.1285402941934717e+04   8.6203407349164881e+03   1.1975281414524641e+04   2.0013534963571012e+04   2.2716683161422363e+04   0.0000000000000000e+00   0.0000000000000000e+00   0.0000000000000000e+00   0.0000000000000000e+00
   1.5599342915727040e+04   2.2316061015347757e+04   2.2266606941473251e+03   2.1316765917460725e+04   8.7699896232265910e+03   1.1970593920075924e+04   1.9949099824829911e+04   2.2797672986974540e+04   0.0000000000000000e+00   0.0000000000000000e+00   0.0000000000000000e+00   0.0000000000000000e+00
   2.9436703707076367e+03   1.5611395372142479e+04   2.2229661837739073e+04   2.2408721583897977e+03   2.1346870019486683e+04   8.9198002831159665e+03   1.1966303184621012e+04   1.9883345527746980e+04   2.2877888999049606e+04   0.0000000000000000e+00   0.0000000000000000e+00   0.0000000000000000e+00
   2.8025165992147945e+03   1.5623953463219439e+04   2.2142583154770662e+04   2.2552655657744704e+03   2.1375719154126175e+04   9.0697585455376084e+03   1.1962400995991957e+04   1.9816272468317693e+04   2.2957319296874910e+04   0.0000000000000000e+00   0.0000000000000000e+00   0.0000000000000000e+00
   2.6607068098405202e+03   1.5637012767867360e+04   2.2054837537214360e+04   2.2698518700612744e+03   2.1403317395875933e+04   9.2198501815400050e+03   1.1958879026814793e+04   2.3035952049278440e+04   0.0000000000000000e+00   0.0000000000000000e+00   0.0000000000000000e+00   0.0000000000000000e+00
   2.5182513551435140e+03   1.5650568720985109e+04   2.1966437611652298e+04   2.2846419822039279e+03   2.1429668986709010e+04   9.3700609045459787e+03   1.1955728836129187e+04   2.3113775496779661e+04   0.0000000000000000e+00   0.0000000000000000e+00   0.0000000000000000e+00   0.0000000000000000e+00
   2.3751607008238188e+03  -7.7569301293126273e+03   1.5664616614220291e+04   2.1877396058343540e+04   2.2996467682520406e+03   2.1454778335140938e+04   9.5203763726429916e+03   1.1952941871029190e+04   0.0000000000000000e+00   0.0000000000000000e+00   0.0000000000000000e+00   0.0000000000000000e+00
   2.2314454241189064e+03  -7.7399405442718389e+03   1.5679151596752796e+04   2.1787725609082008e+04   2.3148770472604006e+03   2.1478650015268635e+04   9.6707821908848473e+03   1.1950509468324921e+04   0.0000000000000000e+00   0.0000000000000000e+00   0.0000000000000000e+00   0.0000000000000000e+00
   2.0871162121814345e+03  -7.7232553352841542e+03   1.5694168676102352e+04   2.1697439045046191e+04   2.3303435892057805e+03   2.1501288765782523e+04   9.8212639136041580e+03   1.1948422856224697e+04  -1.4037043447153957e+04   0.0000000000000000e+00   0.0000000000000000e+00   0.0000000000000000e+00
   1.9421838604389711e+03  -7.7068649943028495e+03   1.5709662718960051e+04   2.1606549194640949e+04   2.3460571129116634e+03   2.1522699488951996e+04   9.9718070467352700e+03   1.1946673156037525e+04  -1.4038630223557455e+04  -1.6050797902543773e+04   0.0000000000000000e+00   0.0000000000000000e+00
   1.7966592709359973e+03  -7.6907599308615145e+03   1.5725628452043813e+04   2.1515068931331654e+04   2.3620282839811557e+03   2.1542887249584361e+04   1.0122397050147089e+04   1.1945251383895495e+04  -1.4040502412933898e+04  -1.5927866099485112e+04  -1.2705373219825096e+04   0.0000000000000000e+00
   1.6505534506585193e+03  -7.6749304740772795e+03   1.5742060462977573e+04   2.1423011171471309e+04   2.3782677127385009e+03   2.1561857273957507e+04   1.0273019339985565e+04   1.1944148452495794e+04  -1.4042651818860684e+04  -1.5804842860286424e+04  -1.2845105195679811e+04   0.0000000000000000e+00
   1.5038775098415852e+03  -7.6593668746686481e+03   1.5758953201194003e+04   2.1330388872120828e+04   2.3947859521795008e+03   2.1579614948726452e+04   1.0423659291025273e+04   1.1943355172862131e+04  -1.4045070145081003e+04  -1.5681741907694382e+04  -1.2984722121456683e+04   0.0000000000000000e+00
   1.3566426602600325e+03  -7.6440593069875549e+03   1.5776300978860947e+04   2.1237215028862771e+04   2.4115934959311853e+03   1.0574302239029677e+04   1.1942862256125125e+04  -1.4047748997050963e+04  -1.5558576924381754e+04  -1.3124210514655670e+04   0.0000000000000000e+00   0.0000000000000000e+00
   1.2088602135027893e+03  -7.6289978710651621e+03   1.5794097971831085e+04   2.1143502673609273e+04   2.4287007762210847e+03   1.0724933483119732e+04   1.1942660315321378e+04  -1.4050679883505021e+04  -1.5435361550737327e+04  -1.3263556871415869e+04  -2.1199188318566332e+04   0.0000000000000000e+00
   1.0605415792313943e+03  -7.6141725946938350e+03   1.5812338220619429e+04   2.1049264872404965e+04   2.4461181618590408e+03   1.0875538288154243e+04   1.1942739867213228e+04  -1.4053854218048993e+04  -1.5312109382666440e+04  -1.3402747668608543e+04  -2.1101349781403675e+04   0.0000000000000000e+00
   9.1169826342195972e+02  -7.5995734354723918e+03   1.5831015631394177e+04   2.0954514723223008e+04   2.4638559562236046e+03   1.1026101887109011e+04   1.1943091334121596e+04  -1.4057263320749391e+04  -1.5188833969399393e+04  -1.3541769365927743e+04  -2.1002945225239338e+04   0.0000000000000000e+00
   7.6234186659117199e+02  -7.5851902828317116e+03   1.5850123976984192e+04   2.0859265353754683e+04   2.4819243952553848e+03   1.1176609483457225e+04   1.1943705045773515e+04  -1.4060898419726060e+04  -1.5065548811308967e+04  -1.3680608407980886e+04  -2.0903988438199882e+04   0.0000000000000000e+00
   6.1248408200964991e+02  -7.5710129602370671e+03   1.5869656897941848e+04   2.0763529919200995e+04   2.5003336454801270e+03  -5.6919164602285646e+03   1.1327046253585329e+04   1.1944571241183077e+04  -1.4064750652833251e+04  -1.4942267357745668e+04  -1.3819251226411187e+04  -2.0804493243168272e+04
   4.6213669389823423e+02  -7.5570312272545680e+03   1.5889607903599546e+04   2.0667321600054471e+04   2.5190938020262402e+03  -5.7152657614761138e+03   1.1477397349189045e+04   1.1945680070535005e+04  -1.4068811069293613e+04  -1.4819003004877835e+04  -1.3957684242000658e+04  -2.0704473495472739e+04
   3.1131157561044915e+02  -7.5432347816709625e+03   1.5909970373157043e+04   2.0570653599878806e+04   2.5382148866587008e+03  -5.7390460786111817e+03   1.1627647899682492e+04   1.1947021597089115e+04  -1.4073070631366987e+04  -1.4695769093545012e+04  -1.4095893866784212e+04  -2.0603943080583678e+04
   1.6002068780080469e+02  -7.5296132616242958e+03   1.5930737556791310e+04   2.0473539143085189e+04   2.5577068458249373e+03  -5.7632655919288991e+03   1.1777783014612478e+04   1.1948585799101100e+04  -1.4077520216035624e+04  -1.4572578907123261e+04  -1.4233866506167742e+04  -2.0502915911807046e+04
   8.2760765792960846e+00  -7.5161562477449788e+03   1.5951902576788620e+04   2.0375991472705682e+04   2.5775795487129626e+03  -5.7879323806964521e+03   1.1927787786077557e+04   1.1950362571759340e+04  -1.4082150616705252e+04  -1.4449445669402612e+04  -1.4371588561049761e+04  -2.0401405927975215e+04
  -1.4391012834757908e+02  -7.5028532653068005e+03   1.5973458428698914e+04   2.0278023848164114e+04  -5.8130544215891632e+03   1.2077647291151470e+04   1.1952341729137437e+04  -1.4086952544922005e+04  -1.4326382542477078e+04  -1.4509046429946273e+04  -2.0299427091135065e+04   0.0000000000000000e+00
  -2.9652571554893501e+02  -7.4896937863874500e+03   1.5995397982511951e+04  -2.1925992983848977e+04  -5.8386395871437626e+03   1.2227346594310338e+04   1.1954513006162028e+04  -1.4091916632104741e+04  -1.4203402624647675e+04  -1.4646226511118604e+04  -2.0196993384234222e+04   0.0000000000000000e+00
  -4.4955839375440655e+02  -7.4766672320381758e+03   1.6017713983855485e+04  -2.1922365533975924e+04  -5.8646956442291239e+03   1.2376870749863461e+04  -1.4097033431292597e+04  -1.4080518948338602e+04  -1.4783115204703632e+04  -2.0094118808805411e+04   0.0000000000000000e+00   0.0000000000000000e+00
  -6.0299579375150722e+02  -7.4637629744620235e+03   1.6040399055214999e+04  -2.5307996591221290e+04  -2.1917707310689526e+04  -5.8912302525347013e+03   1.2526204804386902e+04  -1.4102293418907318e+04  -1.3957744478027116e+04  -1.4919698914846329e+04  -1.9990817382649617e+04   0.0000000000000000e+00
  -7.5682547029509806e+02  -7.4509703392003712e+03  -2.5341170370769207e+04  -2.1912026454287399e+04  -5.9182509630768673e+03   1.2675333799159749e+04  -1.4107686996530289e+04  -1.3835092108187346e+04  -1.5055964051834144e+04  -1.9887103137518225e+04   0.0000000000000000e+00   0.0000000000000000e+00
  -9.1103490402861928e+02  -7.4382786073271473e+03  -2.5373115772509067e+04  -2.1905331226532460e+04  -5.9457652167234419e+03  -1.4113204492693783e+04  -1.3712574661248365e+04  -1.5191897034232687e+04  -1.9782990116794666e+04   0.0000000000000000e+00   0.0000000000000000e+00   0.0000000000000000e+00
  -1.0656115034167331e+03  -2.5403825635350579e+04  -2.1897630009102733e+04  -5.9737803427366343e+03  -1.4118836164686243e+04  -1.3590204885566936e+04  -1.5327484291022825e+04  -1.9678492373175872e+04   0.0000000000000000e+00   0.0000000000000000e+00   0.0000000000000000e+00   0.0000000000000000e+00
  -1.2205426066889752e+03  -2.5433292952221353e+04  -2.1888931302022058e+04  -6.0023035573415727e+03  -1.4124572200368728e+04  -1.3467995453416323e+04  -1.5462712263734717e+04  -1.9573623966347364e+04   0.0000000000000000e+00   0.0000000000000000e+00   0.0000000000000000e+00   0.0000000000000000e+00
  -1.3758154837942670e+03  -2.5461510871323306e+04  -2.1879243722073465e+04  -6.0313419622984302e+03  -1.4130402720010254e+04  -1.3345958958987960e+04  -1.5597567408590174e+04  -1.9468398960673258e+04   0.0000000000000000e+00   0.0000000000000000e+00   0.0000000000000000e+00   0.0000000000000000e+00
  -1.5314173383658963e+03  -2.1041099679141524e+04   1.6475574034633789e+03  -2.5488472697356381e+04  -2.1868576001195433e+04  -6.0609025434836276e+03  -2.1106846105932891e+04  -1.4136317778139563e+04  -1.3224107916407316e+04  -1.5732036198650116e+04  -1.9362831422896747e+04   0.0000000000000000e+00
  -1.6873353096960286e+03  -2.0949005401616643e+04   1.6237584369123401e+03  -2.5514171892749717e+04  -2.1856936984855878e+04  -6.0909921695411986e+03  -2.1213286062886142e+04  -1.4142307365391956e+04  -1.3102454757773437e+04  -1.5866105125935877e+04  -1.9256935419794048e+04   0.0000000000000000e+00
  -1.8435564747203243e+03  -2.0855824364122054e+04   1.5995576984112440e+03  -2.5538602078835796e+04  -2.1844335630412403e+04  -6.1216175905080536e+03  -2.1318946750564231e+04  -1.4148361410384479e+04  -1.2981011831207805e+04  -1.5999760703573047e+04  -1.9150725015873009e+04   0.0000000000000000e+00
  -2.0000678500117458e+03  -2.0761563348027466e+04   1.5749454346142090e+03  -2.5561757037006293e+04  -2.1830781005454086e+04  -6.1527854364720306e+03  -2.1423814534612877e+04  -1.4154469781598758e+04  -1.2859791398921798e+04  -1.6132989467927617e+04  -1.9044214271061559e+04   0.0000000000000000e+00
  -2.1568563937833228e+03  -2.0666229276446713e+04   1.5499119654088213e+03  -2.5583630709841011e+04  -2.1816282286126410e+04  -6.1845022162498326e+03  -2.1527875860573135e+04  -1.4160622289275698e+04  -1.2738805635300934e+04  -1.6265777980740793e+04  -1.8937417238398673e+04   0.0000000000000000e+00
  -2.3139090078995337e+03  -2.0569829213195095e+04   1.5244476858364383e+03  -2.5604217202209282e+04  -2.1800848755439147e+04  -6.2167743160851560e+03  -2.1631117256237045e+04  -1.3995807865953226e+04  -1.4166808687321625e+04  -1.2618066625006462e+04  -1.6398112831262002e+04  -1.8830347961728308e+04
  -2.4712125398959279e+03  -2.0472370361721332e+04   1.4985430679996273e+03  -2.5623510782344179e+04  -2.1784489801558069e+04  -6.2496079983671352e+03  -2.1733525333990772e+04  -1.4026437063154861e+04  -1.4173018675225669e+04  -1.2497586361094405e+04  -1.6529980638379897e+04  -1.8723020473396486e+04
  -2.6287537850066569e+03  -2.0373860064014556e+04   1.4721886629564146e+03  -2.5641505882888865e+04  -2.1767214916080215e+04  -6.2830094003693603e+03  -2.1835086793144965e+04  -1.4057686599009305e+04  -1.2377376743152396e+04  -1.6661368052750757e+04  -1.8615448791952065e+04   0.0000000000000000e+00
  -2.7865194881995417e+03  -2.0274305799486388e+04   1.4453751026009950e+03  -2.5658197101915051e+04  -2.1749033692293426e+04  -6.3169845330096368e+03  -2.1935788422252182e+04  -1.4089555496353738e+04  -1.6792261758924211e+04  -1.8507646919851595e+04   0.0000000000000000e+00   0.0000000000000000e+00
  -2.9444963462183268e+03  -2.0173715183828372e+04   1.4180931015306087e+03  -2.5673579203913589e+04  -2.1729955823420190e+04  -6.3515392796306969e+03  -2.2035617101410458e+04  -1.4122042619213506e+04  -1.6922648477465566e+04  -1.8399628841168553e+04   0.0000000000000000e+00   0.0000000000000000e+00
  -2.0072095967844925e+04   1.3903334588982523e+03  -2.5687647120756625e+04  -2.1709991100846219e+04  -6.3866793948020559e+03  -2.2134559804552820e+04  -1.4155146672876246e+04   1.3025126679099715e+03  -1.7052514967074865e+04  -1.8291408519307261e+04   0.0000000000000000e+00   0.0000000000000000e+00
  -1.9969456036262141e+04   1.3620870602508933e+03  -2.5700395952631428e+04  -2.1689149412333969e+04  -6.4224105031431836e+03  -2.2232603601722254e+04  -1.4188866203991627e+04   1.1923053187209578e+03  -1.7181848026701697e+04   0.0000000000000000e+00   0.0000000000000000e+00   0.0000000000000000e+00
  -1.9865803406512463e+04   1.3333448793528962e+03  -2.5711820968945627e+04  -2.1667440740221449e+04  -6.4587380981682300e+03  -2.2329735661331753e+04  -1.4223199600696647e+04   1.0828904431412316e+03  -1.7310634497655992e+04   0.0000000000000000e+00   0.0000000000000000e+00   0.0000000000000000e+00
  -1.9761146227495305e+04   1.3040979799909312e+03  -2.5721917609200435e+04  -2.1644875159608440e+04  -6.4956675411470605e+03  -2.2425943252405636e+04  -1.4258145092760498e+04   9.7427355037524239e+02  -1.7438861265719832e+04   0.0000000000000000e+00   0.0000000000000000e+00   0.0000000000000000e+00
   5.1329329861094802e+03  -1.9655492778314969e+04  -2.5730681483842181e+04  -2.1621462836524646e+04  -6.5332040599998818e+03  -2.2521213746811914e+04  -1.4293700751768001e+04   8.6645999363773694e+02  -1.7566515263241665e+04   0.0000000000000000e+00   0.0000000000000000e+00   0.0000000000000000e+00
   5.0036244524951326e+03  -1.9548851466995609e+04  -2.5738108375089389e+04  -2.1597214026081499e+04  -2.2615534621483028e+04  -1.4329864491336957e+04   7.5945496947468132e+02  -1.7693583471216600e+04   0.0000000000000000e+00   0.0000000000000000e+00   0.0000000000000000e+00   0.0000000000000000e+00
   4.8749776202026851e+03  -1.9441230829170614e+04  -2.5744194237706757e+04  -2.1572139070623445e+04  -2.2708893460596537e+04  -1.4366634067318062e+04   6.5326351720102866e+02   0.0000000000000000e+00   0.0000000000000000e+00   0.0000000000000000e+00   0.0000000000000000e+00   0.0000000000000000e+00
   4.7470026945862537e+03  -1.9332639526751533e+04  -2.5748935199771364e+04  -2.1546248397854430e+04  -2.2801277957759361e+04  -1.4404007078058841e+04   5.4789051828530864e+02   0.0000000000000000e+00   0.0000000000000000e+00   0.0000000000000000e+00   0.0000000000000000e+00   0.0000000000000000e+00
   4.6197097270655613e+03  -1.9223086346573655e+04   1.1058800395079126e+04  -2.5752327563403069e+04  -2.1519552518954686e+04  -2.2892675918168581e+04  -1.4441980964682174e+04   4.4334069578451567e+02   0.0000000000000000e+00   0.0000000000000000e+00   0.0000000000000000e+00   0.0000000000000000e+00
   4.4931086136378308e+03  -1.9112580199019369e+04   1.0921862061363025e+04  -2.5754367805465426e+04  -2.1492062026685177e+04  -2.2983075260754013e+04  -1.4480553011390191e+04   3.3961861380641938e+02   0.0000000000000000e+00   0.0000000000000000e+00   0.0000000000000000e+00   0.0000000000000000e+00
   4.3672090934216758e+03  -1.9001130116619512e+04   1.0784158240302797e+04  -2.5755052578236813e+04  -2.1463787593479541e+04   1.4973826344252791e+04  -2.3072464020302417e+04  -1.4519720345793670e+04   2.3672867699935236e+02   0.0000000000000000e+00   0.0000000000000000e+00   0.0000000000000000e+00
   4.2420207472332677e+03  -1.8888745252632838e+04   1.0645699927578353e+04  -2.5754378710051711e+04  -2.1434739969524220e+04   1.4845497181404739e+04  -2.3160830349562813e+04  -1.4559479939266937e+04   1.3467513006957404e+02   4.3637172675957015e+02   0.0000000000000000e+00   0.0000000000000000e+00
   4.1175529961950015e+03  -1.8775434879603970e+04   1.0506498219955682e+04  -2.5752343205911980e+04  -2.1404929980826935e+04   1.4716117712515643e+04  -2.3248162521332259e+04  -1.4599828607328023e+04   3.3462057326259767e+01   5.4866783054446319e+02   1.6776460408957722e+04   1.4391434445830548e+04
   3.9938151003768317e+03  -1.8661208387900217e+04   1.0366564313657396e+04  -2.5748943248068088e+04  -2.1374368527273906e+04   1.4585697799009675e+04  -2.3334448930522154e+04  -1.4640763010044333e+04  -6.6906617745816661e+01   6.6013239742991459e+02   1.6807180556195817e+04   1.4435793777939813e+04
   3.8708161574705473e+03  -1.8546075284227380e+04   1.0225909502720089e+04  -2.1343066580675892e+04   1.4454247460698713e+04  -2.3419678096204196e+04  -1.4682279652463541e+04  -1.6642713288584014e+02   7.7075983377654006e+02   1.6838220175220165e+04   1.4480694937970156e+04   0.0000000000000000e+00
   3.7485651014971268e+03  -1.8430045190124791e+04   1.0084545177338847e+04  -2.1311035182803778e+04   1.4321776874299532e+04  -2.3503838663635823e+04  -1.4724374885069865e+04  -2.6509588742870704e+02   8.8054470307442830e+02   1.6869571611325788e+04   1.4526135291948418e+04   0.0000000000000000e+00
   3.6270707015473772e+03  -1.8313127840440182e+04   9.9424828221991556e+03  -2.1278285443413784e+04   1.4188296371920413e+04  -2.3586919406264657e+04  -1.4767044904265578e+04  -3.6290944264891573e+02   9.8948172656732038e+02   1.6901227093098467e+04   1.4572112056718639e+04   0.0000000000000000e+00
   3.5063415605560731e+03  -1.8195333081784182e+04   9.7997340147964551e+03  -2.1244828538262500e+04   1.4053816439517530e+04  -2.3668909227711592e+04  -1.4810285752877628e+04  -4.5986452207655498e+02   1.0975657838498776e+03   1.6933178733708006e+04   1.4618622300305755e+04   0.0000000000000000e+00
   3.3863861141113080e+03  -1.8076670870966089e+04   9.6563104237332882e+03   2.2496497625265361e+04  -2.1210675707109960e+04   1.3918347715317201e+04  -2.3749797163733194e+04  -1.4854093320693251e+04  -5.5595801179863747e+02   1.2047919134391288e+03   1.6965418532223186e+04   1.4665662942302022e+04
   3.2672126292942066e+03  -1.7957151273408213e+04   9.5122238070270414e+03   2.2592721079077248e+04  -2.1175838251718629e+04   1.3781900988217369e+04  -2.3829572384159448e+04  -1.4898463345012549e+04  -6.5118696070344447e+02   1.3111553133163027e+03   1.6997938374948411e+04   1.4713230754286218e+04
   3.1488292035503655e+03  -1.7836784461540003e+04   9.3674860104206073e+03   2.2688018180383035e+04  -2.1140327533846536e+04   1.3644487196165464e+04  -2.3908224194807535e+04  -1.4943391411220955e+04  -7.4554858067799523e+02   1.4166513414398817e+03   1.7030730036781941e+04   1.4761322360273216e+04
   3.0312437636068744e+03  -1.7715580713178944e+04   9.2221089656074055e+03   2.2782378403584113e+04  -2.1104154973214696e+04   1.3506117424477221e+04  -1.4988872953413304e+04  -8.3904024687379786e+02   1.5212755162399801e+03   1.7063785182594514e+04   1.4809934237165857e+04   0.0000000000000000e+00
   2.9144640644133156e+03  -1.7593550409887903e+04   9.0761046885119995e+03   2.2875791326730661e+04   1.3366802904153388e+04  -1.5034903255018964e+04  -9.3165949785817088e+02   1.6250235170778658e+03   1.7097095368629751e+04   1.4859062715253303e+04   0.0000000000000000e+00   0.0000000000000000e+00
   2.7984976881201032e+03  -1.7470704035315499e+04   8.9294852775408035e+03   2.2968246633164446e+04   2.0980567110369539e+04   1.3226555010160144e+04   8.1270080171155605e+03  -1.5081477449458664e+04  -1.0234040357621498e+03   1.7278911846803605e+03   1.7130652043924994e+04   1.4908703978729081e+04
   2.6833520430913250e+03  -1.7347052173518659e+04   8.7822629118222831e+03   2.3059734113145052e+04   2.0944761775536776e+04   1.3085385259681227e+04   8.1810039395290914e+03  -1.5128590520826101e+04  -1.1142717264003024e+03   1.8298745215469230e+03   1.7164446551752888e+04   1.4958854066234522e+04
   2.5690343629522349e+03  -1.7222605507267519e+04   8.6344498494368381e+03   2.3150243665459526e+04   2.0908245465704611e+04   1.2943305310342090e+04   8.2341435555999942e+03  -1.5176237304594237e+04  -1.2042605993624350e+03   1.9309696923293372e+03   1.7198470131083272e+04   1.5009508871427524e+04
   2.4555517056714707e+03  -1.7097374816333042e+04   8.4860584256366528e+03   2.3239765299014653e+04   2.0871030109788142e+04   1.2800326958406333e+04   8.2864318998061026e+03  -1.5224412488346343e+04  -1.2933688480771898e+03   2.0311730241840041e+03   1.7232713918065285e+04   1.5060664143576754e+04
   2.3429109526781449e+03  -1.6971370975757676e+04   8.3371010510558081e+03   2.3328289134412134e+04   2.0833127699887900e+04   1.2656462136944769e+04   8.3378741389892184e+03  -1.5273110612531465e+04  -1.3815948298475280e+03   2.1304810070967715e+03   1.7267168947529412e+04   1.5112315488180917e+04
   2.2311188080138345e+03  -1.6844604954109447e+04   8.1875902099108052e+03   2.3415805405506129e+04   2.0794550289143630e+04   1.2511722913977575e+04   8.3884755711166254e+03  -1.4689370658581038e+03   2.2288902941802853e+03   1.7301826154509312e+04   1.5164458367613266e+04   0.0000000000000000e+00
   2.1201817975196263e+03   8.0375384581919516e+03   2.3502304460942934e+04   2.0755309989579237e+04   1.2366121490589567e+04   8.4382416240220682e+03  -1.5553942411545470e+03   2.3263977019438439e+03   1.7336676375783118e+04   1.5217088101791065e+04   0.0000000000000000e+00   0.0000000000000000e+00
   2.0101062680582463e+03   1.2410557273239936e+04   7.8869584218456594e+03   2.3587776765682727e+04   2.0715418969939692e+04   1.2219670199019296e+04   8.4871778541264102e+03   2.4230002105357175e+03   1.7371710351434085e+04   1.5270199868869999e+04   0.0000000000000000e+00   0.0000000000000000e+00
   1.9008983867713512e+03   1.2447169225103893e+04   7.7358627949481024e+03   2.3672212902502819e+04   2.0674889453519841e+04   1.2072381500722046e+04   8.5352899451382054e+03   2.5960265160174666e+04   2.5186949639579298e+03   1.7406918726430318e+04   1.5323788705963421e+04   0.0000000000000000e+00
   1.7925641403720665e+03   1.2482945106155730e+04   7.5842643378703478e+03   2.3755603573482549e+04   2.0633733715985716e+04   1.1924267984407225e+04   8.5825837067345110e+03   2.5959902913117861e+04   2.6134792702534860e+03   1.7442292052223274e+04   1.5377849509886284e+04   0.0000000000000000e+00
   1.6851093344694705e+03   1.2517891483915559e+04   7.4321758754419252e+03   2.3837939601466554e+04   2.0591964083188963e+04   1.1775342364052862e+04   8.6290650732219492e+03   2.5958196046636476e+04   2.7073506016685042e+03   1.7477820788364483e+04   1.5432377037928292e+04   0.0000000000000000e+00
   1.2552015043680150e+04   7.2796102950920676e+03   2.3919211931515048e+04   2.0549592928973772e+04   1.1625617476889976e+04   8.6747401021789483e+03   2.5955142293573037e+04   2.8003065947813839e+03   1.7513495304141605e+04   1.5487365908641543e+04   0.0000000000000000e+00   0.0000000000000000e+00
   1.2585322587190702e+04   7.1265805449740847e+03   2.3999411632338590e+04   2.0506632672977146e+04   1.1475106281358898e+04   8.7196149730791876e+03   1.9545866972045187e+04   2.5950739563487663e+04   2.8923450506008890e+03   1.7549305880233205e+04   1.5542810602646025e+04   0.0000000000000000e+00
   1.2617821031246687e+04   6.9730996321297516e+03   2.4078529897693832e+04   2.0463095778424708e+04   1.1323821855059030e+04   8.7636959858950486e+03   1.9665343215682089e+04   2.5944985943146865e+04   2.9834639346546151e+03   1.7585242710378196e+04   1.5598705463492564e+04   0.0000000000000000e+00
   1.2649517406330982e+04   2.4156558047777038e+04   2.0418994749919373e+04   1.1171777392659083e+04   8.8069895596837650e+03   1.9783888821914359e+04   2.5937879697037595e+04   3.0736613770338136e+03   1.7621295903065718e+04   1.5655044698520074e+04   0.0000000000000000e+00   0.0000000000000000e+00
  -6.6448464331781624e+03   1.2680418855206957e+04   2.4233487530592833e+04   2.0374342131224887e+04   1.1018986203788440e+04   8.8495022311550510e+03   1.9901491939457894e+04   2.5929419267833258e+04   3.1629356724152667e+03   1.7657455483241643e+04   1.5711822379745367e+04   0.0000000000000000e+00
  -6.6218178409092343e+03   1.2710532631496630e+04   4.7235666095276274e+03   2.4309309923302710e+04   2.0329150503044475e+04   1.0865461710905525e+04   8.8912406532208879e+03   2.0018140834716894e+04   2.5919603276827624e+04   3.2512852800556484e+03   1.7693711394032125e+04   1.5769032444776845e+04
  -6.5983071772532921e+03   1.2739866098239932e+04   4.7803849761598040e+03   2.4384016933553165e+04   2.0283432480794971e+04   8.9322115935276288e+03   2.0133823893684556e+04   2.5908430524336625e+04   3.3387088237583662e+03   1.7730053498484071e+04   1.5826668697751797e+04   0.0000000000000000e+00
  -6.5743046983950044e+03   1.2768426726435551e+04   4.8379732134273518e+03   2.4457600400783216e+04   2.0237200712376394e+04   8.9724219329707812e+03   2.0248529623822782e+04   2.5895899990067988e+04   3.4252050918129462e+03   1.7766471581322086e+04   1.5884724810297352e+04   0.0000000000000000e+00
  -6.5498007379188639e+03   1.2796222093563327e+04   4.8963333220917575e+03   2.4530052297511393e+04   2.0190467875938033e+04   9.0118786641927909e+03   2.0362246655920382e+04   2.5882010833458327e+04   3.5107730369069677e+03   1.7802955350721742e+04   1.5943194322514793e+04   0.0000000000000000e+00
  -6.5247857087387974e+03   1.2823259882088685e+04   4.9554671407575188e+03   2.4601364730601381e+04   2.0143246677640538e+04   1.3927599785747087e+04   9.0505888900639566e+03   2.0474963745929890e+04   2.5866762393977915e+04   3.5954117760105687e+03   1.7839494440098952e+04   1.6002070643987288e+04
  -6.4992501050117862e+03   1.2849547877949086e+04   5.0153763452874109e+03   2.4671529942506768e+04   2.0095549849415325e+04   1.3829033349703361e+04   9.0885598221469645e+03   2.0586669776782051e+04   2.5850154191402598e+04   3.6791205902336078e+03   1.7876078409914997e+04   1.6061347054810476e+04
  -6.4731845040351545e+03   1.2875093969023039e+04   5.0760624482455996e+03   2.4740540312494195e+04   2.0047390146720794e+04   1.3730829741537988e+04   9.1257987791451760e+03   2.0697353760178201e+04   2.5832185926053244e+04   3.7618989246554720e+03   1.6121016706646322e+04   0.0000000000000000e+00
  -6.4465795681272120e+03   1.2899906143581595e+04   5.1375267983687463e+03   2.4808388357845106e+04   1.9998780346296458e+04   1.3632998697327890e+04   9.1623131853350442e+03   2.0807004838359906e+04   2.5812857479002207e+04   3.8437463881276153e+03   1.6181072623799520e+04   0.0000000000000000e+00
  -6.4194260464909730e+03   1.2923992488722817e+04   5.1997705800652047e+03   2.4875066735035598e+04   1.9949733243914772e+04   1.3535549836006438e+04   9.1981105689828782e+03   2.0915612285855597e+04   2.5792168912246929e+04   3.9246627530488595e+03   1.6241507704316735e+04   0.0000000000000000e+00
  -6.3917147770674774e+03   1.2947361188793597e+04   5.2627948129439155e+03   2.4940568240896726e+04   1.9900261652130870e+04   1.3438492657822224e+04   9.2331985607506249e+03   2.1023165511196530e+04   2.5770120468856738e+04   4.0046479551069033e+03   1.7843011370963839e+04   0.0000000000000000e+00
  -6.3634366883564062e+03   1.2970020523785655e+04   5.3266003513683690e+03   2.5004885813747380e+04   1.9850378398032113e+04   1.3341836542817582e+04   9.2675848920772860e+03   2.1129654058625267e+04   2.5746712573073157e+04   4.0837020930071567e+03   1.7869173381289689e+04  -6.7563185458696807e+03
  -6.3345828012088677e+03   1.2991978867709182e+04   5.3911878840367808e+03   2.5068012534501569e+04   1.9800096320987799e+04   1.3245590749328088e+04   9.3012773935395144e+03   2.1235067609790949e+04   2.5721945830368259e+04   4.1618254281839354e+03   1.7895022715142772e+04  -6.6644305654199616e+03
  -6.3051442306523832e+03   1.3013244686980997e+04   5.4565579336017609e+03   2.5129941627770331e+04   1.9749428270393666e+04   1.3149764412510263e+04   9.3342839932288207e+03   2.1339395985366340e+04   2.5695821027514507e+04   1.7920547468121924e+04  -6.5732736126622040e+03   0.0000000000000000e+00
   1.3033826538769443e+04   5.5227108563087459e+03   2.5190666462925637e+04   1.3054366542886344e+04   9.3666127150868342e+03   2.1442629146688691e+04   2.5668339132581441e+04  -1.2716110791927342e+04   1.7945735734528142e+04  -6.4828522073698014e+03   0.0000000000000000e+00   0.0000000000000000e+00
   1.3053733069331549e+04   5.5896468416659418e+03   2.5250180555145627e+04   1.2959406024913445e+04   9.3982716772347194e+03   2.1544757197362051e+04   2.5639501294910260e+04  -1.2615806050131401e+04   1.7970575609512289e+04  -6.3931707074820197e+03   0.0000000000000000e+00   0.0000000000000000e+00
   1.3072973012334929e+04   5.6573659121430483e+03   2.5308477566436959e+04   1.2864891615575702e+04   9.4292690902890226e+03   2.1645770384834508e+04   2.5609308845055359e+04  -1.2515962568021487e+04   1.7995055191225805e+04  -6.3042333086251510e+03   0.0000000000000000e+00   0.0000000000000000e+00
   1.3091555187164624e+04   5.7258679228988130e+03   2.5365551306633934e+04   1.2770831942999699e+04   9.4596132556643497e+03   2.1745659101949994e+04   2.5577763294692231e+04  -1.2416589943004365e+04   1.8019162582974135e+04  -6.2160440436619629e+03   0.0000000000000000e+00   0.0000000000000000e+00
   1.3109488497215210e+04   5.7951525615375358e+03   1.2677235505093387e+04   9.4893125638631373e+03   2.1844413888474446e+04   2.5544866336492156e+04  -1.2317697642251238e+04   1.8042885895372401e+04  -6.1286067822694049e+03   0.0000000000000000e+00   0.0000000000000000e+00   0.0000000000000000e+00
   1.3126781928168450e+04   5.8652193478945455e+03   1.2584110668208861e+04   9.5183754927527334e+03   2.1942025432596187e+04   2.5510619843963468e+04  -1.2219295001245533e+04   1.8066213248503096e+04  -6.0419252305446407e+03   0.0000000000000000e+00   0.0000000000000000e+00   0.0000000000000000e+00
  -9.5498798152745640e+03   1.3143444546256731e+04   5.9360676338507565e+03   1.2491465665829024e+04   9.5468106058302728e+03   2.2038484572399986e+04   2.5475025871259328e+04  -1.2121391222353748e+04   1.8089132774075362e+04  -5.9560029306394827e+03   0.0000000000000000e+00   0.0000000000000000e+00
  -9.6246002599115054e+03   1.3159485496512567e+04   6.0076966031763186e+03  -1.2293553823101627e+04   1.2399308597278572e+04   2.2133782297314727e+04   2.5438086652952152e+04  -1.2023995373419495e+04   1.8111632617585525e+04  -5.8708432604232466e+03   0.0000000000000000e+00   0.0000000000000000e+00
  -9.6999841860197503e+03   6.0801052714034731e+03  -1.2438664267854399e+04   1.2307647426459385e+04   2.2227909749534421e+04   2.5399804603774592e+04  -1.1927116386381080e+04   1.8133700940478560e+04  -5.7864494331739497e+03   0.0000000000000000e+00   0.0000000000000000e+00   0.0000000000000000e+00
  -9.7760281634288112e+03   6.1532924857286043e+03  -1.2583153665857031e+04  -1.5041176469295019e+03   1.2216489980610664e+04   2.2320858225412299e+04   2.5360182318327057e+04  -1.1830763055912745e+04   1.8155325922310039e+04  -5.7028244972981101e+03   0.0000000000000000e+00   0.0000000000000000e+00
  -9.8527286060669758e+03   6.2272569249435492e+03  -1.2727009852142693e+04  -1.5748389364898085e+03   1.2125843949093956e+04   2.2412619176827629e+04  -1.1734944038089920e+04  -5.6199713360788419e+03   0.0000000000000000e+00   0.0000000000000000e+00   0.0000000000000000e+00   0.0000000000000000e+00
  -9.9300817723480195e+03   6.3019970993943271e+03  -1.2870220743136009e+04  -1.6463791263028972e+03   1.2035716882204328e+04  -2.3829847122410338e+04   2.2503184212533091e+04  -1.1639667849081334e+04  -5.5378926674537988e+03   0.0000000000000000e+00   0.0000000000000000e+00   0.0000000000000000e+00
  -1.0008083765568193e+04  -2.3726428939658032e+04   6.3775113509733837e+03  -1.3012774338423060e+04  -1.7187390157165389e+03   1.1946116190004599e+04  -2.3757352981000269e+04   2.2592545099457253e+04  -1.1544942863859336e+04  -5.4565910438189303e+03   0.0000000000000000e+00   0.0000000000000000e+00
  -1.0086730534319049e+04  -2.3797543073109235e+04   6.4537978531440103e+03  -1.3154658722506290e+04  -1.7919192423724960e+03   1.1857049141183557e+04  -2.3683596051699682e+04   2.2680693763968015e+04  -1.1450777314930820e+04  -5.3760688518589332e+03   0.0000000000000000e+00   0.0000000000000000e+00
  -1.0166017872980421e+04  -2.3867446129767257e+04   6.5308546109800709e+03  -1.3295862066548538e+04  -1.8659202818797828e+03   1.1768522861947726e+04  -2.3608582936635943e+04   2.2767622293165034e+04  -1.1357179291113254e+04  -5.2963283124151185e+03   0.0000000000000000e+00   0.0000000000000000e+00
  -1.0245941422191429e+04  -2.3936131736267587e+04   6.6086794612477624e+03  -1.3436372630098540e+04  -1.9407424474605059e+03   1.1680544334932090e+04  -2.3532320401080826e+04  -1.1264156736317467e+04  -5.2173714803738103e+03   0.0000000000000000e+00   0.0000000000000000e+00   0.0000000000000000e+00
  -1.0326496669361604e+04  -2.4003593673810548e+04   6.6872700725132390e+03  -1.3576178762802156e+04  -2.0163858896396030e+03   1.1593120398138937e+04  -2.3454815372373319e+04  -1.1171717448360641e+04  -5.1392002445854823e+03   0.0000000000000000e+00   0.0000000000000000e+00   0.0000000000000000e+00
  -1.0407678949208119e+04  -2.4069825879205691e+04   6.7666239452796326e+03  -1.3715268906098036e+04  -2.0928505959626923e+03   1.1506257743903028e+04  -2.3376074938814909e+04  -1.1079869077804758e+04  -5.0618163278124330e+03   0.0000000000000000e+00   0.0000000000000000e+00   0.0000000000000000e+00
  -1.0489483444319194e+04  -2.4134822445890306e+04   6.8467384121535670e+03  -1.3853631594897561e+04  -2.1701363907421160e+03   1.1419962917883257e+04  -2.3296106348538004e+04  -1.0988619126820515e+04  -4.9852212867048202e+03   0.0000000000000000e+00   0.0000000000000000e+00   0.0000000000000000e+00
  -1.0571905185743601e+04  -2.4198577624921996e+04   6.9276106380411220e+03  -1.3991255459248705e+04  -2.2482429348311907e+03   1.1334242318081035e+04  -2.3214917008347384e+04  -2.6228150127472414e+04  -1.0897974948076948e+04  -4.9094165118052242e+03   0.0000000000000000e+00   0.0000000000000000e+00
  -1.0654939053606107e+04  -2.4261085825944840e+04   7.0092376203732110e+03  -1.4128129225983648e+04  -2.3271697254267619e+03   1.1249102193885488e+04  -2.3132514482535073e+04  -2.6237575793787790e+04  -1.0807943743656906e+04  -4.8344032275815380e+03   0.0000000000000000e+00   0.0000000000000000e+00
  -1.0738579777748912e+04  -2.4322341618129085e+04  -1.4264241720349864e+04  -2.4069160959000396e+03   1.1164548645145691e+04  -2.3048906491668742e+04  -2.6245546406392754e+04  -1.0718532563998595e+04  -4.7601824924882621e+03   0.0000000000000000e+00   0.0000000000000000e+00   0.0000000000000000e+00
  -1.0822821938398891e+04  -2.4382339731084383e+04  -1.4399581867624398e+04  -2.4874812156558155e+03   1.1080587621270093e+04  -2.2964100911354006e+04  -2.6252060702843988e+04  -1.0629748306863357e+04  -4.6867551990561269e+03   0.0000000000000000e+00   0.0000000000000000e+00   0.0000000000000000e+00
  -1.0907659966860641e+04  -2.4441075055745780e+04  -1.4534138694711226e+04  -2.5688640900200508e+03   1.0997224920353332e+04  -2.2878105770970611e+04  -2.6257117618033062e+04  -1.0541597716329759e+04  -4.6141220740100289e+03   0.0000000000000000e+00   0.0000000000000000e+00   0.0000000000000000e+00
  -1.0993088146235235e+04  -2.4498542645232948e+04  -1.4667901331721310e+04  -2.6510635601558715e+03   1.0914466188330463e+04  -2.2790929252383095e+04  -2.6260716284377373e+04  -1.0454087381814279e+04  -4.5422836784151632e+03   0.0000000000000000e+00   0.0000000000000000e+00   0.0000000000000000e+00
  -1.1079100612164520e+04  -2.4554737715682029e+04  -1.4800859013535224e+04  -2.7340783030080179e+03   1.0832316918158904e+04  -2.2702579688625683e+04  -2.6262856031975563e+04  -1.0367223737118702e+04   0.0000000000000000e+00   0.0000000000000000e+00   0.0000000000000000e+00   0.0000000000000000e+00
  -1.1165691353597122e+04  -2.4609655647053274e+04  -1.4933001081348970e+04  -2.8179068312680120e+03   1.0750782449026723e+04  -2.2613065562567779e+04  -2.6263536388723885e+04  -1.0281013059502002e+04   0.0000000000000000e+00   0.0000000000000000e+00   0.0000000000000000e+00   0.0000000000000000e+00
  -1.1252854213588273e+04  -2.4663291983904106e+04  -4.7678523544076479e+03  -1.5064316984199919e+04  -2.9025474933846294e+03   1.0669867965591984e+04  -2.2522395505542056e+04  -2.6262757080404313e+04  -1.0195461468784317e+04   0.0000000000000000e+00   0.0000000000000000e+00   0.0000000000000000e+00
  -1.1340582890130408e+04  -2.4715642436129401e+04  -4.8111636300496330e+03  -1.5194796280473198e+04  -2.9879984736137631e+03   1.0589578497252214e+04  -2.2430578295939966e+04  -2.6260518030741841e+04  -1.0110574926481097e+04   0.0000000000000000e+00   0.0000000000000000e+00   0.0000000000000000e+00
  -1.1428870936981026e+04  -2.4766702879698012e+04  -4.8537373734409994e+03  -1.5324428639396536e+04  -3.0742577920409421e+03   1.0509918917431658e+04  -2.2337622857823182e+04  -2.6256819361401693e+04  -1.8173182090256247e+04   0.0000000000000000e+00   0.0000000000000000e+00   0.0000000000000000e+00
  -1.1517711764540749e+04  -2.4816469357339465e+04  -4.8955802101162508e+03  -1.5453203842510407e+04  -3.1613233046823725e+03   1.0430893942906125e+04  -2.2243538259474491e+04  -2.6251661391972768e+04  -1.8119208109497078e+04  -2.4320059171253870e+03   0.0000000000000000e+00   0.0000000000000000e+00
  -1.1607098640749153e+04  -2.4864938079208740e+04  -4.9366988886900190e+03  -1.5581111785121220e+04  -3.2491927036001716e+03  -2.2148333711935069e+04  -2.6245044639909276e+04  -1.8065306427894509e+04  -2.4921743371257257e+03   0.0000000000000000e+00   0.0000000000000000e+00   0.0000000000000000e+00
  -1.1697024692005536e+04  -2.4912105423522469e+04  -4.9771002794375636e+03  -1.5708142477735297e+04  -3.3378635170460357e+03  -2.2052018567518051e+04  -2.6236969820436570e+04  -1.8011487906327631e+04  -2.5514120179546285e+03   0.0000000000000000e+00   0.0000000000000000e+00   0.0000000000000000e+00
  -1.1787482904114408e+04  -2.4957967937166635e+04  -5.0167913728547519e+03  -1.5834286047473968e+04  -3.4273331096333804e+03  -2.1954602318298690e+04  -2.6227437846421544e+04  -1.7957763331736627e+04  -2.6097226327117346e+03   0.0000000000000000e+00   0.0000000000000000e+00   0.0000000000000000e+00
  -1.1878466123255605e+04  -2.5002522336275491e+04  -5.0557792781977905e+03  -1.5959532739468910e+04  -3.5175986825378909e+03  -2.1856094594581158e+04  -2.6216449828207369e+04  -1.7904143415265025e+04  -2.6671100220380881e+03   0.0000000000000000e+00   0.0000000000000000e+00   0.0000000000000000e+00
  -1.1969967056978936e+04  -2.5045765506781685e+04  -5.0940712220028627e+03  -1.6083872918238108e+04  -3.6086572737264728e+03  -1.1360079745023845e+03  -2.1756505163342714e+04  -2.6204007073412700e+04  -1.7850638790415363e+04   1.1039815968728153e+04  -2.7235781930029275e+03  -1.8865563151922695e+04
  -1.2061978275223189e+04  -2.5087694504937423e+04  -5.1316745465861131e+03  -1.6207297069041948e+04  -3.7005057582145892e+03  -1.2942203859968201e+03  -2.1655843926655074e+04  -2.6190111086695459e+04  -1.7797260011218623e+04   1.0999936326444424e+04  -2.7791313179628173e+03  -1.8930666729293407e+04
  -1.2154492211359386e+04  -2.5128306557806296e+04  -5.1685967085239990e+03  -1.6329795799219222e+04  -3.7931408483519340e+03  -1.4521609039081332e+03  -2.1554120920083460e+04  -2.6174763569481154e+04  -1.7744017550417659e+04   1.0959145317903616e+04  -2.8337737333934201e+03  -1.8995714479291019e+04
  -1.2247501163258095e+04  -2.5167599063726258e+04  -5.2048452771144775e+03  -1.6451359839503089e+04  -3.8865590941363944e+03  -1.6098162139812111e+03  -2.1451346311063768e+04  -2.6157966419655677e+04  -1.7690921797665120e+04   1.0917436698381176e+04  -2.8875099386942161e+03  -1.9060694180387916e+04
  -1.2340997294380766e+04  -2.5205569592742839e+04  -5.2404279328191733e+03  -1.6571980045316541e+04  -3.9807568835562915e+03  -1.7671730494184258e+03  -2.6139721731223057e+04  -1.7637983057735848e+04   1.0874804364144722e+04  -2.9403445949664610e+03  -1.9125593557229862e+04   0.0000000000000000e+00
  -1.2434972634894832e+04  -2.5242215887013219e+04  -5.2753524656868130e+03  -1.6691647398047331e+04  -4.0757304429608075e+03  -1.9242181927422612e+03   2.0631792961264418e+03  -2.6120031793927817e+04  -1.7585211548754338e+04   1.0831242353756285e+04  -2.9922825237646707e+03  -1.9190400282660739e+04
  -2.5277535861173001e+04  -5.3096267737565413e+03  -1.6810353006299672e+04  -4.1714758374652138e+03  -2.0809384776439288e+03   1.8921890804656332e+03  -2.6098899092842392e+04  -1.7532617400443443e+04   1.0786744849348754e+04  -3.0433287058314631e+03  -1.9255101979754327e+04   0.0000000000000000e+00
  -2.5311527602689817e+04  -5.3432588614467568e+03  -1.6928088107130468e+04  -2.2373207908389854e+03   1.7213076882714795e+03  -2.6076326307919095e+04  -1.7480210652375434e+04   1.0741306177878960e+04  -3.0934882797858431e+03  -1.9319686223868695e+04   0.0000000000000000e+00   0.0000000000000000e+00
