   9.5929994097800004e+08
   9.5930000097800004e+08
   9.5930006097800004e+08
   9.5930012097800004e+08
   9.5930018097800004e+08
   9.5930024097800004e+08
   9.5930030097800004e+08
   9.5930036097800004e+08
   9.5930042097800004e+08
   9.5930048097800004e+08
   9.5930054097800004e+08
   9.5930060097800004e+08
   9.5930066097800004e+08
   9.5930072097800004e+08
   9.5930078097800004e+08
   9.5930084097800004e+08
   9.5930090097800004e+08
   9.5930096097800004e+08
   9.5930102097800004e+08
   9.5930108097800004e+08
   9.5930114097800004e+08
   9.5930120097800004e+08
   9.5930126097800004e+08
   9.5930132097800004e+08
   9.5930138097800004e+08
   9.5930144097800004e+08
   9.5930150097800004e+08
   9.5930156097800004e+08
   9.5930162097800004e+08
   9.5930168097800004e+08
   9.5930174097800004e+08
   9.5930180097800004e+08
   9.5930186097800004e+08
   9.5930192097800004e+08
   9.5930198097800004e+08
   9.5930204097800004e+08
   9.5930210097800004e+08
   9.5930216097800004e+08
   9.5930222097800004e+08
   9.5930228097800004e+08
   9.5930234097800004e+08
   9.5930240097800004e+08
   9.5930246097800004e+08
   9.5930252097800004e+08
   9.5930258097800004e+08
   9.5930264097800004e+08
   9.5930270097800004e+08
   9.5930276097800004e+08
   9.5930282097800004e+08
   9.5930288097800004e+08
   9.5930294097800004e+08
   9.5930300097800004e+08
   9.5930306097800004e+08
   9.5930312097800004e+08
   9.5930318097800004e+08
   9.5930324097800004e+08
   9.5930330097800004e+08
   9.5930336097800004e+08
   9.5930342097800004e+08
   9.5930348097800004e+08
   9.5930354097800004e+08
   9.5930360097800004e+08
   9.5930366097800004e+08
   9.5930372097800004e+08
   9.5930378097800004e+08
   9.5930384097800004e+08
   9.5930390097800004e+08
   9.5930396097800004e+08
   9.5930402097800004e+08
   9.5930408097800004e+08
   9.5930414097800004e+08
   9.5930420097800004e+08
   9.5930426097800004e+08
   9.5930432097800004e+08
   9.5930438097800004e+08
   9.5930444097800004e+08
   9.5930450097800004e+08
   9.5930456097800004e+08
   9.5930462097800004e+08
   9.5930468097800004e+08
   9.5930474097800004e+08
   9.5930480097800004e+08
   9.5930486097800004e+08
   9.5930492097800004e+08
   9.5930498097800004e+08
   9.5930504097800004e+08
   9.5930510097800004e+08
   9.5930516097800004e+08
   9.5930522097800004e+08
   9.5930528097800004e+08
   9.5930534097800004e+08
   9.5930540097800004e+08
   9.5930546097800004e+08
   9.5930552097800004e+08
   9.5930558097800004e+08
   9.5930564097800004e+08
   9.5930570097800004e+08
   9.5930576097800004e+08
   9.5930582097800004e+08
   9.5930588097800004e+08
   9.5930594097800004e+08
   9.5930600097800004e+08
   9.5930606097800004e+08
   9.5930612097800004e+08
   9.5930618097800004e+08
   9.5930624097800004e+08
   9.5930630097800004e+08
   9.5930636097800004e+08
   9.5930642097800004e+08
   9.5930648097800004e+08
   9.5930654097800004e+08
   9.5930660097800004e+08
   9.5930666097800004e+08
   9.5930672097800004e+08
   9.5930678097800004e+08
   9.5930684097800004e+08
   9.5930690097800004e+08
   9.5930696097800004e+08
   9.5930702097800004e+08
   9.5930708097800004e+08
   9.5930714097800004e+08
   9.5930720097800004e+08
   9.5930726097800004e+08
   9.5930732097800004e+08
   9.5930738097800004e+08
   9.5930744097800004e+08
   9.5930750097800004e+08
   9.5930756097800004e+08
   9.5930762097800004e+08
   9.5930768097800004e+08
   9.5930774097800004e+08
   9.5930780097800004e+08
   9.5930786097800004e+08
   9.5930792097800004e+08
   9.5930798097800004e+08
   9.5930804097800004e+08
   9.5930810097800004e+08
   9.5930816097800004e+08
   9.5930822097800004e+08
   9.5930828097800004e+08
   9.5930834097800004e+08
   9.5930840097800004e+08
   9.5930846097800004e+08
   9.5930852097800004e+08
   9.5930858097800004e+08
   9.5930864097800004e+08
   9.5930870097800004e+08
   9.5930876097800004e+08
   9.5930882097800004e+08
   9.5930888097800004e+08
   9.5930894097800004e+08
   9.5930900097800004e+08
   9.5930906097800004e+08
   9.5930912097800004e+08
   9.5930918097800004e+08
   9.5930924097800004e+08
   9.5930930097800004e+08
   9.5930936097800004e+08
   9.5930942097800004e+08
   9.5930948097800004e+08
   9.5930954097800004e+08
   9.5930960097800004e+08
   9.5930966097800004e+08
   9.5930972097800004e+08
   9.5930978097800004e+08
   9.5930984097800004e+08
   9.5930990097800004e+08
   9.5930996097800004e+08
   9.5931002097800004e+08
   9.5931008097800004e+08
   9.5931014097800004e+08
   9.5931020097800004e+08
   9.5931026097800004e+08
   9.5931032097800004e+08
   9.5931038097800004e+08
   9.5931044097800004e+08
   9.5931050097800004e+08
   9.5931056097800004e+08
   9.5931062097800004e+08
   9.5931068097800004e+08
   9.5931074097800004e+08
   9.5931080097800004e+08
   9.5931086097800004e+08
   9.5931092097800004e+08
   9.5931098097800004e+08
   9.5931104097800004e+08
   9.5931110097800004e+08
   9.5931116097800004e+08
   9.5931122097800004e+08
   9.5931128097800004e+08
   9.5931134097800004e+08
   9.5931140097800004e+08
   9.5931146097800004e+08
   9.5931152097800004e+08
   9.5931158097800004e+08
   9.5931164097800004e+08
   9.5931170097800004e+08
   9.5931176097800004e+08
   9.5931182097800004e+08
   9.5931188097800004e+08
