  -4.9283700579528739e-01
  -6.1252636131756810e-01
  -7.2606350880881010e-01
  -8.3264235862179459e-01
  -9.3150605542984977e-01
  -1.0219531464459832e+00
  -1.1033414221359319e+00
  -1.1750918775470214e+00
  -1.2366930942349466e+00
  -1.2877062349714101e+00
  -1.3277679784243404e+00
  -1.3565921540168289e+00
  -1.3739737438391098e+00
  -1.3797900105585361e+00
  -1.3740002271102310e+00
  -1.3566466311013878e+00
  -1.3278557973558911e+00
  -1.2878349485949354e+00
  -1.2368743945014362e+00
  -1.1753417765965817e+00
  -1.1036787731350595e+00
  -1.0223987472559302e+00
  -9.3208769383588064e-01
  -8.3339632347093151e-01
  -7.2703245832110985e-01
  -6.1376034724841577e-01
  -4.9439486811987071e-01
  -3.6979427290381894e-01
  -2.4085657393574036e-01
  -1.0851116836664608e-01
   2.6286506635691053e-02
   1.6256223604775810e-01
   2.9932698453335244e-01
   4.3558257749667051e-01
   5.7032665656196957e-01
   7.0256321770431385e-01
   8.3130730089252669e-01
   9.5559319725013392e-01
   1.0744786450830097e+00
   1.1870519257065664e+00
   1.2924374893954262e+00
   1.3898026762414262e+00
   1.4783604414673892e+00
   1.5573754614991973e+00
   1.6261706135134038e+00
   1.6841328000965965e+00
   1.7307143627495123e+00
   1.7654424850389725e+00
   1.7879176400196677e+00
   1.7978177730808618e+00
   1.7949015233624031e+00
   1.7790088531772004e+00
   1.7500803234229512e+00
   1.7081303742181053e+00
   1.6532656538655388e+00
   1.5856800330359677e+00
   1.5056524465164396e+00
   1.4135517978746346e+00
   1.3098291885999300e+00
   1.1950163275192878e+00
   1.0697230352321072e+00
   9.3463470820804384e-01
   7.9050675279694205e-01
   6.3816141555304662e-01
   4.7848076259533290e-01
   3.1240259077876242e-01
   1.4091514339154460e-01
  -3.4948675362709958e-02
  -2.1411998490656126e-01
  -3.9549918083004504e-01
  -5.7796217475763256e-01
  -7.6036434727302904e-01
  -9.4155186737574625e-01
  -1.1203672709304935e+00
  -1.2956561439586070e+00
  -1.4662729287634324e+00
  -1.6310850542103537e+00
  -1.7889836232538694e+00
  -1.9388897121679094e+00
  -2.0797566463606447e+00
  -2.2105794046727323e+00
  -2.3304023259333211e+00
  -2.4383196852660141e+00
  -2.5334852854020582e+00
  -2.6151143234303929e+00
  -2.6824942334123092e+00
  -2.7349879656883358e+00
  -2.7720374408532278e+00
  -2.7931667360349257e+00
  -2.7979877161801840e+00
  -2.7862044923539924e+00
  -2.7576171483202332e+00
  -2.7121236504373751e+00
  -2.6497236667977200e+00
  -2.5705192659393288e+00
  -2.4747158685108475e+00
  -2.3626227805579227e+00
  -2.2346544152491190e+00
  -2.0913274443159189e+00
  -1.9332596845947061e+00
  -1.7611685315193473e+00
  -1.5758666931206291e+00
  -1.3782588730490137e+00
  -1.1693362096115307e+00
  -9.5017117434151022e-01
  -7.2191114524104349e-01
  -4.8577260594274685e-01
  -2.4303322548142001e-01
   4.9752766279039943e-03
   2.5687636380361728e-01
   5.1125641716552872e-01
   7.6667376077851945e-01
   1.0216656105298616e+00
   1.2747559747662174e+00
   1.5244638747388668e+00
   1.7693168902349428e+00
   2.0078573197417318e+00
   2.2386495562803392e+00
   2.4602903609697435e+00
   2.6714159705167533e+00
   2.8707089789278020e+00
   3.0569085119091275e+00
   3.2288129122047295e+00
   3.3852857240021077e+00
   3.5252650872376887e+00
   3.6477688022826538e+00
   3.7519026706087106e+00
   3.8368631281392012e+00
   3.9019448743567797e+00
   3.9465486935919585e+00
   3.9701775285478336e+00
   3.9724457175099741e+00
   3.9530823877761834e+00
   3.9119315993473509e+00
   3.8489556242211980e+00
   3.7642391867634286e+00
   3.6579918860435638e+00
   3.5305447593880999e+00
   3.3823499299901467e+00
   3.2139790488117925e+00
   3.0261268815422864e+00
   2.8196084419503729e+00
   2.5953551910424846e+00
   2.3544032132594741e+00
   2.0978938496917792e+00
   1.8270652464686334e+00
   1.5432500812296390e+00
   1.2478704946789663e+00
   9.4242240245042108e-01
   6.2846938094455407e-01
   3.0763929902865389e-01
  -1.8388812029762343e-02
  -3.4789536221235307e-01
  -6.7912883310458649e-01
  -1.0103148331169232e+00
  -1.3396695556829643e+00
  -1.6654075197952236e+00
  -1.9857488616197188e+00
  -2.2989294934790734e+00
  -2.6032158274101009e+00
  -2.8969088785977992e+00
  -3.1783569838520620e+00
  -3.4459584945882198e+00
  -3.6981784622492366e+00
  -3.9335507332923032e+00
  -4.1506856622168717e+00
  -4.3482746320113916e+00
  -4.5250977359570861e+00
  -4.6800382222579913e+00
  -4.8120819381984541e+00
  -4.9203242675895176e+00
  -5.0039738811676573e+00
  -5.0623562876455397e+00
  -5.0949188021554495e+00
  -5.1012421933042225e+00
  -5.0810364193383659e+00
  -5.0341461913128018e+00
  -4.9605526848783557e+00
  -4.8603749967090435e+00
  -4.7338726239914495e+00
  -4.5814513274453379e+00
  -4.4036598384504302e+00
  -4.2011877726139923e+00
  -3.9748652910984577e+00
  -3.7256595869739382e+00
  -3.4546736852228541e+00
  -3.1631417074233408e+00
  -2.8524238632027989e+00
  -2.5239994271777868e+00
  -2.1794598258859961e+00
  -1.8205023524652681e+00
  -1.4489184775478137e+00
  -1.0665857762613598e+00
  -6.7545844882979500e-01
  -2.7755512640816604e-01
   1.2505421797230196e-01
   5.3025996550408572e-01
   9.3592341744169383e-01
   1.3398910928721413e+00
   1.7400058142414809e+00
