   2.5785786346349721e-01  -2.6649023344338807e+00   6.5936825967656543e-01   2.6440111583256729e+00  -1.6321225744129002e+00   2.4319070353848038e+00  -2.6082885900050640e-01   1.6380553693023194e+00   7.7755385323439152e-01   0.0000000000000000e+00   0.0000000000000000e+00   0.0000000000000000e+00
   2.6466622745363988e-01   6.7004542243824605e-01   2.6437648347675480e+00  -1.6326987337472552e+00   2.4257022116723337e+00  -2.6143983298645590e-01   1.6372265127565999e+00   7.6627774280950334e-01   0.0000000000000000e+00   0.0000000000000000e+00   0.0000000000000000e+00   0.0000000000000000e+00
   2.7165662601174634e-01   6.8083470696426740e-01   2.6432900016855858e+00  -1.6330598390146114e+00   2.4192524800311874e+00  -2.6186984661297463e-01   1.6362095405834371e+00   7.5510404740898074e-01   0.0000000000000000e+00   0.0000000000000000e+00   0.0000000000000000e+00   0.0000000000000000e+00
   2.7882792064262690e-01   6.9173394309859804e-01   2.6425864490581366e+00  -1.6332067694543817e+00   2.4125582882363035e+00  -2.6211803797512623e-01   1.6350055389393479e+00   7.4403448645529557e-01   0.0000000000000000e+00   0.0000000000000000e+00   0.0000000000000000e+00   0.0000000000000000e+00
   2.8617894502461866e-01   7.0274093137861449e-01   2.6416539975414790e+00  -1.6331404389947406e+00   2.4056201243333222e+00  -2.6218358994022450e-01   1.6336156252657330e+00   7.3307075699010482e-01   0.0000000000000000e+00   0.0000000000000000e+00   0.0000000000000000e+00   0.0000000000000000e+00
   2.9370848773449632e-01   7.1385345808246436e-01   2.6404925063691369e+00  -1.6328617947349227e+00   2.3984385210872330e+00  -2.6206570563986498e-01   1.6320409509771863e+00   7.2221453700023497e-01   0.0000000000000000e+00   0.0000000000000000e+00   0.0000000000000000e+00   0.0000000000000000e+00
   3.0141530586495863e-01   7.2506927655818321e-01   2.6391018672026521e+00  -1.6323718262702782e+00   2.3910140472395396e+00  -2.6176362832305888e-01   1.6302826922915814e+00   7.1146747774693875e-01   0.0000000000000000e+00   0.0000000000000000e+00   0.0000000000000000e+00   0.0000000000000000e+00
   3.0929812183821243e-01   1.6274825687386574e+00   7.3638612783177959e-01   2.6374820066720002e+00  -1.6316715528491268e+00   2.3833473161519048e+00  -2.6127663642338239e-01   1.6283420569929505e+00   7.0083120930679210e-01   0.0000000000000000e+00   0.0000000000000000e+00   0.0000000000000000e+00
   3.1735562695996200e-01   1.6126592258951573e+00   7.4780172400936906e-01   2.6356328870888492e+00  -1.6307620350170142e+00   2.3754389788967876e+00  -2.6060404178189372e-01   1.6262202816860489e+00   6.9030733887588558e-01   0.0000000000000000e+00   0.0000000000000000e+00   0.0000000000000000e+00
   3.2558647399364005e-01   1.5977832504754672e+00   7.5931375861008499e-01   7.8744909238533811e-01   2.6335545024567684e+00   2.3672897265324466e+00  -2.5974519186292061e-01   1.6239186344721275e+00   6.7989744717510225e-01   0.0000000000000000e+00   0.0000000000000000e+00   0.0000000000000000e+00
   3.3398928382520687e-01   1.5828574712347505e+00   7.7091990755798834e-01   7.9819245402046246e-01   2.6312468853653059e+00   2.3589002928149880e+00  -2.5869946587471471e-01   1.6214384073694763e+00   1.6033610909986022e+00   6.6960309564413367e-01   0.0000000000000000e+00   0.0000000000000000e+00
   3.4256264084967103e-01   1.5678847205873339e+00   7.8261782087316567e-01   8.0895139039158892e-01   2.6287101004414577e+00   2.3502714513391774e+00  -2.5746628305884361e-01   1.6221670142405509e+00   6.5942581761141894e-01   0.0000000000000000e+00   0.0000000000000000e+00   0.0000000000000000e+00
   3.5130510178116259e-01   1.5528678349031044e+00   7.9440513285768477e-01   8.1972324730169122e-01   2.6259442480332513e+00   1.9703577533571941e+00   2.3414040151151783e+00  -2.5604509218690907e-01   1.6408621931960530e+00   6.4936712335937630e-01   0.0000000000000000e+00   0.0000000000000000e+00
   3.6021518657859813e-01   1.5378096538603634e+00   8.0627945549660873e-01   8.3050536533483255e-01   2.6229494623307175e+00   1.9618204656913396e+00   2.3322988348834826e+00  -2.5443537972395047e-01   1.6594441871448291e+00   6.3942849918689393e-01   0.0000000000000000e+00   0.0000000000000000e+00
   3.6929138026089875e-01   1.5227130217124021e+00   8.1823838467070509e-01   8.4129508268553888e-01   2.6197259129722545e+00   1.9531166816243033e+00  -2.5263667052591687e-01   1.6779105783064228e+00   6.2961140332590471e-01   0.0000000000000000e+00   0.0000000000000000e+00   0.0000000000000000e+00
   3.7853214030011123e-01   1.5075807838736204e+00   8.3027949345434304e-01   8.5208973262263621e-01   2.6162738030196877e+00   1.9442485387099220e+00  -2.5064851417803208e-01   1.6962589619571093e+00   6.1991727126601115e-01   0.0000000000000000e+00   0.0000000000000000e+00   0.0000000000000000e+00
   3.8793588923872879e-01   1.4924157888024721e+00   8.4240034189856783e-01   8.6288664810539983e-01   1.9352182016802126e+00  -2.4847050809658477e-01   1.7144869479963534e+00   6.1034751414656851e-01   0.0000000000000000e+00   0.0000000000000000e+00   0.0000000000000000e+00   0.0000000000000000e+00
   3.9750101512314340e-01   1.4772208868328458e+00   8.5459846905053394e-01   8.7368315725246293e-01   1.9260278580314028e+00  -2.4610227839435939e-01   1.7325921674223013e+00   6.0090351255477914e-01   0.0000000000000000e+00   0.0000000000000000e+00   0.0000000000000000e+00   0.0000000000000000e+00
   4.0722587929645315e-01   1.4619989278956813e+00   8.6687139590632212e-01   8.8447658937338591e-01   1.9166797250097181e+00   1.2587241405297507e+00  -2.4354348869911249e-01   1.7505722697400696e+00   5.9158662454179622e-01   0.0000000000000000e+00   0.0000000000000000e+00   0.0000000000000000e+00
   4.1710880838083370e-01   1.4467527648870444e+00   8.7921663062716371e-01   8.9526426633850897e-01   1.9071760444081487e+00   1.2638912720187869e+00  -2.4079383700054108e-01   1.7684249205534790e+00   5.8239818120627174e-01   0.0000000000000000e+00   0.0000000000000000e+00   0.0000000000000000e+00
   4.2714809749284127e-01   1.4314852495845407e+00   8.9163166099192992e-01   9.0604351585111254e-01   1.8975190801711368e+00   1.2689180704247798e+00  -2.3785305287644912e-01   1.7861478029171254e+00   5.7333948555812653e-01   0.0000000000000000e+00   0.0000000000000000e+00   0.0000000000000000e+00
   4.3734201340630835e-01   1.4161992340700476e+00   9.0411396090110308e-01   9.1681166204749942e-01   1.8877111239805409e+00   1.2738026836925176e+00  -2.3472090899765050e-01   1.8037386214085449e+00   5.6441181613674629e-01   0.0000000000000000e+00   0.0000000000000000e+00   0.0000000000000000e+00
   4.4768879191841282e-01   1.4008975686646765e+00   9.1666098881430025e-01   9.2756602836410584e-01   1.8777544914297137e+00   1.2785432839123589e+00  -2.3139721026374149e-01   1.8211950985770016e+00   5.5561642112134502e-01   0.0000000000000000e+00   0.0000000000000000e+00   0.0000000000000000e+00
   4.5818663531838633e-01   1.3855831030989536e+00   9.3830394095576797e-01   9.8634418770136401e-01   1.8676515191080403e+00   1.2831380688884468e+00  -2.2788179346492957e-01   1.8385149768231850e+00   5.4695452380803544e-01   0.0000000000000000e+00   0.0000000000000000e+00   0.0000000000000000e+00
   4.6883372007540958e-01   1.3702586850459690e+00   9.4902272642861996e-01   9.8998754952345047e-01   1.8574045691616157e+00   1.2875852652663415e+00  -2.2417454218567820e-01   1.8556960125117870e+00   5.3842731827868551e-01   0.0000000000000000e+00   0.0000000000000000e+00   0.0000000000000000e+00
   4.7962818990896250e-01   1.3549271598853136e+00  -1.1832550435598739e+00   9.5971971138146939e-01   9.9347934262097271e-01   1.8470160255282559e+00   1.2918831193278395e+00  -2.2027536101503897e-01   1.8727359965925239e+00   5.3003597195836782e-01   0.0000000000000000e+00   0.0000000000000000e+00
   1.3395913701202071e+00  -1.1937169199093640e+00   9.7039222558427696e-01   9.9681795276877372e-01   1.8364882968328873e+00   1.2960299055513751e+00  -2.1618420117948614e-01  -1.7220365096418686e+00   1.8896327257237744e+00   5.2178162284426677e-01  -9.6540216761486286e-01   0.0000000000000000e+00
   1.3242541555222376e+00  -1.2041186118316554e+00   9.8103760189495148e-01   1.0000017989115773e+00   1.8258238104343876e+00   1.3000239300088532e+00  -1.7141251511020528e+00   1.9063840258579980e+00   5.1366538360300373e-01  -9.4451447894927365e-01   0.0000000000000000e+00   0.0000000000000000e+00
   1.3089183504128123e+00  -1.2144575210358943e+00   9.9165317329356495e-01   1.0030293147407263e+00   1.8150250196151330e+00   1.3038635169604016e+00  -1.7060728247943895e+00   1.9229877395908122e+00  -9.2352555936110337e-01   0.0000000000000000e+00   0.0000000000000000e+00   0.0000000000000000e+00
  -2.5083484473713211e+00   1.2935867865241804e+00  -1.2247310576032573e+00   1.0022362801796865e+00   1.0058989667694991e+00   1.8040943948842092e+00   1.3075470250870442e+00  -1.0230259776589408e+00  -1.6978816866955295e+00   1.9394417337695800e+00  -9.0243803471663808e-01   0.0000000000000000e+00
  -2.5168873281698900e+00   1.2782622902602490e+00  -1.2349366449836854e+00   1.0127842647471323e+00   1.0086092489920988e+00   1.7930344307560879e+00   1.3110728354544672e+00  -1.0360570488276366e+00  -1.6895539086032922e+00   1.9557438945308128e+00  -8.8125453877224047e-01   0.0000000000000000e+00
  -2.5252233126630892e+00   1.2629476815157605e+00  -1.2450717089601633e+00   1.0232944714553167e+00   1.0111586783065094e+00   1.7818476388000737e+00   1.3144393587849845e+00  -1.0490925325390588e+00  -1.6810916865788130e+00   1.9718921323347876e+00  -8.5997771894882014e-01   0.0000000000000000e+00
  -2.5333552110555426e+00   1.2476457764931874e+00  -1.2551336919255112e+00   1.0337642550614905e+00   1.0135457985022036e+00   1.7705365543055742e+00   1.3176450367351624e+00  -1.0621294007942335e+00  -1.6724972312994246e+00   1.9878843792864840e+00  -1.4671926719857658e+00  -8.3861025125621136e-01
  -2.5412818672500079e+00   1.2323593824143886e+00  -1.2651200420999937e+00   1.0441909688611908e+00   1.0157691835845923e+00   1.7591037317649676e+00   1.3206883302465156e+00  -1.0751646180291803e+00  -1.6637727790161589e+00   2.0037185907627566e+00  -1.4544928946768458e+00  -8.1715480833208942e-01
  -2.5490021499562343e+00   1.2170913019076577e+00  -1.2750282201950065e+00   1.0545719776266897e+00   1.0178274305645534e+00   1.7475517392156217e+00   1.3235677414300813e+00  -1.0881951475656479e+00  -1.6549205771986719e+00   2.0193927446859856e+00  -1.4417664383652602e+00  -7.9561408846678394e-01
  -2.5565149606892312e+00   1.2018443295844330e+00  -1.2848556985112769e+00   1.0649046484154632e+00   1.0197191674810180e+00   1.7358831712889125e+00   1.3262817883665456e+00  -1.1012179500631121e+00  -1.6459428964977680e+00   2.0349048378834889e+00  -1.4290158345816035e+00  -7.7399079685183336e-01
  -2.5638192285473083e+00   1.1866212517401409e+00  -1.2945999574217248e+00   1.0751863597457130e+00   1.0214430495854674e+00   1.7241006347626737e+00   1.3288290293423555e+00  -1.1142299826374726e+00  -1.6368420229495837e+00   2.0502528980820824e+00  -1.4162436128896565e+00  -7.5228765948668774e-01
  -2.5709139143260109e+00   1.1714248457861429e+00  -1.3042584930447425e+00   1.0854144919433246e+00   1.0229977601451394e+00   1.7122067572056334e+00   1.3312080437664577e+00  -1.1272282014128554e+00  -1.6276202606610657e+00   2.0654349726039407e+00  -1.4034523059589514e+00  -7.3050740529532110e-01
  -2.5777980093648107e+00   1.1562578825110263e+00  -1.3138288129031870e+00   1.0955864345663011e+00   1.0243820059238724e+00   1.7002041840325217e+00   1.3334174435650628e+00  -1.1402095602382927e+00  -1.6182799311655593e+00   2.0804491345872420e+00  -1.3906444488213474e+00  -7.0865278195327630e-01
  -2.5844705326191462e+00  -1.3233084368860133e+00   1.1056995871572795e+00   1.0255945320082556e+00   1.6880955761051384e+00   1.3354558707313839e+00  -1.1531710147542382e+00  -1.6088233702739974e+00   2.0952934807683521e+00  -1.3778225740362637e+00  -6.8672654759102225e-01   0.0000000000000000e+00
  -2.5909305361959754e+00  -1.3326948994599594e+00   1.1157513558003458e+00   1.0266341055829697e+00   1.6758836084934192e+00   1.3373219985335991e+00  -1.1661095193744497e+00  -1.5992529347233015e+00   2.1099661297054921e+00  -1.3649892174251768e+00  -6.6473146775899328e-01   0.0000000000000000e+00
  -2.5971771021057242e+00  -1.9378729402904424e+00  -1.3419857489619724e+00   1.1257391573998941e+00   1.0274995229029311e+00   1.6635709781087524e+00   1.3390145270553968e+00  -1.1790220284483595e+00  -1.5895709911116562e+00   2.1244652300115083e+00  -1.3521469121556489e+00  -6.4267032325725149e-01
  -2.6032093434929755e+00  -1.9535721760755289e+00  -1.3511785440094881e+00   1.1356604169885418e+00   1.0281896124698411e+00   1.6511603911005348e+00   1.3405321875755443e+00  -1.1919054999544705e+00  -1.5797799256080303e+00   2.1387889527334401e+00  -1.3392981938795236e+00  -6.2054590321395176e-01
  -2.6090264040286630e+00  -1.9691139554446484e+00  -1.3602708632472624e+00   1.1455125697205268e+00   1.0287032260146036e+00   1.6386545724562729e+00   1.3418737457990344e+00  -1.2047568923669709e+00  -1.5698821358003388e+00   2.1529354938448497e+00  -1.3264455940557236e+00   0.0000000000000000e+00
  -2.6146274578153208e+00  -1.9844963074057387e+00  -1.3692602976427941e+00   1.1552930611716574e+00   1.0290392544871687e+00   1.6260562598525097e+00   1.3430379951057345e+00  -1.2175731669986249e+00  -1.5598800372532027e+00  -1.3135916447501328e+00   3.5302007186240303e-01   0.0000000000000000e+00
  -2.6200117121481856e+00  -1.9997172789948539e+00  -1.3781444537742340e+00   1.1649993482487757e+00   1.0291966114321820e+00   1.3440237569439264e+00  -1.2303512879779788e+00  -1.5497760568291725e+00  -1.3007388752245104e+00   3.5961290199042967e-01   0.0000000000000000e+00   0.0000000000000000e+00
  -2.6251784046996045e+00  -2.0147749473785042e+00  -1.3869209546476795e+00   1.1746288968213316e+00   1.0291742440613389e+00   1.3448298937882781e+00  -1.2430882245640122e+00  -1.5395726366173756e+00   1.3351973591227811e-01  -1.2878898121548570e+00   3.6599836887569009e-01   0.0000000000000000e+00
  -2.6301268038000774e+00  -2.0296674069346965e+00  -1.3955874388928744e+00   1.1841791888446378e+00   1.0289711243300421e+00   2.3010168241292500e-01   1.3454552888884206e+00  -1.2557809495228265e+00  -1.5292722317601870e+00   1.4247522141234900e-01  -1.2750469804189148e+00   3.7217633717330290e-01
  -2.6348562118097276e+00  -2.0443927825333210e+00  -1.4041415645576780e+00   1.0285862591941257e+00   2.2305870527255486e-01   1.3458988634736833e+00  -1.2684264411800832e+00  -1.5188773070912522e+00   1.5124183046159853e-01  -1.2622129000330129e+00   3.7814671659766086e-01   0.0000000000000000e+00
  -2.6393659602453363e+00  -2.0589492234719131e+00  -1.4125810018506137e+00   1.0280186909978239e+00   2.1581617872965414e-01   1.3461595706117973e+00  -1.2810216826765517e+00  -1.5083903460258159e+00   1.5981861626857180e-01  -1.2493900885682414e+00   3.8390944643185343e-01   0.0000000000000000e+00
  -2.6436554148330207e+00  -2.0733349031568178e+00  -1.4209034423581037e+00  -9.3662469406309379e-01   1.0272674791403589e+00   2.0837468139231560e-01   1.3462363905330819e+00  -1.2935636636416397e+00  -1.4978138365757780e+00   1.6820467188138297e-01  -1.2365810592111255e+00   3.8946450665638699e-01
  -2.6477239712451377e+00  -2.0875480184302471e+00  -1.4291065970341084e+00  -9.5045065453776256e-01   1.0263317306777051e+00   2.0073482084282085e-01   1.3461283416527337e+00  -1.3060493820911927e+00  -1.4871502822307849e+00   1.7639912820755749e-01  -1.2237883194720340e+00   3.9481191618469369e-01
  -2.6515710597445721e+00  -2.1015867971569491e+00  -1.4371881904403789e+00  -9.6434583282050745e-01   1.0252105705294732e+00   1.9289724873052783e-01   1.3458344717314377e+00  -1.3184758416077893e+00  -1.4764021971494050e+00   1.8440114564699314e-01  -1.2110143729559184e+00   3.9995172901927223e-01
  -2.6551961412291507e+00  -2.1154494890752553e+00  -1.4451459699914986e+00  -9.7830772875499861e-01   1.0239031580993205e+00   1.8486264453199663e-01   1.3453538591325978e+00  -1.3308400539139191e+00  -1.4655721076877217e+00   1.9220992702931503e-01  -1.1982617175747134e+00   4.0488403685620972e-01
  -2.6585987082471139e+00  -2.1291343692247118e+00  -1.4529777001726951e+00  -9.9233382382014734e-01   1.0224086901889262e+00   1.7663173975372493e-01   1.3446856218019805e+00  -1.3431390414870688e+00  -1.4546625457605786e+00   1.9982470955767159e-01  -1.1855328443878805e+00   4.0960896870243690e-01
  -2.6617782891383595e+00  -2.1426397480961850e+00  -1.4606811669792674e+00  -1.0064215872368636e+00   1.0207263888939384e+00   1.6820528512566527e-01   1.3438289018403802e+00  -1.3553698341942757e+00  -1.4436760572143290e+00   2.0724476939499861e-01  -1.1728302386333427e+00   4.1412669040119832e-01
  -2.6647344401286621e+00  -2.1559639496972571e+00  -1.4682541747246196e+00  -1.0205684707550766e+00   1.0188555096180103e+00   1.5958408069651600e-01   1.3427828814381431e+00  -1.3675294729432099e+00  -1.4326151929232440e+00   2.1446941447845519e-01  -1.1601563790742473e+00   4.1843740366548543e-01
  -2.6674667540709081e+00  -2.1691053354691063e+00  -1.0347719097025347e+00   1.0167953408477362e+00   1.5076895435972235e-01  -1.3796150068657187e+00  -1.4214825178763857e+00   2.2149799559134969e-01  -1.1475137357642495e+00   4.2254135144917215e-01   0.0000000000000000e+00   0.0000000000000000e+00
  -2.6699748545937734e+00  -2.1820622903273645e+00  -2.6359379680978945e+00  -1.0490293271262339e+00   1.0145452052512576e+00   1.4176077809937360e-01  -1.3516147592181194e+00  -1.3916234991376091e+00  -1.4102806006583417e+00   2.2832989768783962e-01  -1.1349047725087398e+00   4.2643880652449478e-01
  -2.6722583990992690e+00  -2.1948332308956164e+00  -2.6306134362157638e+00  -1.0633381313675978e+00   1.0121044482834696e+00   1.3256045095337660e-01  -1.3421967005305773e+00  -1.4035520235244450e+00  -1.3990120205535213e+00   2.3496454628229815e-01  -1.1223319440707364e+00   4.3013008371403166e-01
  -2.6743170768760156e+00  -2.2074165950857543e+00  -2.6250670426474731e+00  -1.0776957154307203e+00   1.0094724579438799e+00   1.2316891511114614e-01  -1.3326671619163992e+00  -1.3876793638571960e+00   2.4140139932290927e-01  -1.1097976961674585e+00   4.3361553260874974e-01   0.0000000000000000e+00
  -2.2198108521143789e+00  -2.6192995560337762e+00  -1.0920994610909542e+00   1.0066486540543935e+00   1.1358714847100455e-01  -1.3230286778494698e+00  -1.3762852226436999e+00   2.4763995461097815e-01  -1.0973044657579361e+00   4.3689553663047109e-01   0.0000000000000000e+00   0.0000000000000000e+00
  -2.2320145027792639e+00  -2.6133117767575675e+00  -1.1065467361349748e+00   1.0381615805570314e-01  -1.3132838065396657e+00  -2.1138124165372298e+00  -1.3648321967084183e+00   2.5367975156919687e-01  -1.0848546806394455e+00   4.3997051883103455e-01   0.0000000000000000e+00   0.0000000000000000e+00
  -2.2440260730893278e+00  -2.6071045370483921e+00  -1.1210348966076407e+00   9.3856989655286743e-02  -1.3034351194348823e+00  -2.0981250072602835e+00   2.5952036472024242e-01  -1.0724507577861064e+00   0.0000000000000000e+00   0.0000000000000000e+00   0.0000000000000000e+00   0.0000000000000000e+00
  -2.6006787018953488e+00  -1.1355612857706969e+00  -5.6396587596796244e-01   8.3710728956282968e-02  -1.2934852013714964e+00  -2.0822556214576831e+00   2.6516140462363308e-01  -1.0600951040779418e+00   0.0000000000000000e+00   0.0000000000000000e+00   0.0000000000000000e+00   0.0000000000000000e+00
   9.4288513069835644e-01  -2.5940351680056692e+00  -1.1501232364824925e+00  -5.8644871975658852e-01   7.3378490011271294e-02  -1.2834366573617590e+00  -2.0662063682109801e+00   2.7060252283062619e-01  -1.0477901153903229e+00   0.0000000000000000e+00   0.0000000000000000e+00   0.0000000000000000e+00
   9.3912231192719109e-01  -2.5871748638296164e+00  -1.1647180697371164e+00  -6.0887416574739683e-01   6.2861424280985040e-02  -1.2732921060200386e+00  -2.0499793819304757e+00   2.7584340758166587e-01  -1.0355381762920417e+00   0.0000000000000000e+00   0.0000000000000000e+00   0.0000000000000000e+00
   9.3520383619188663e-01  -2.5800987491567349e+00  -1.1793430966978555e+00  -6.3123939356443859e-01   5.2160716189399672e-02  -1.2630541844579730e+00  -2.0335768225790893e+00  -1.0233416591865958e+00   0.0000000000000000e+00   0.0000000000000000e+00   0.0000000000000000e+00   0.0000000000000000e+00
   9.3113146437516026e-01  -2.5728078169537945e+00  -1.1939956179715645e+00  -6.5354157983209249e-01   4.1277588578855780e-02  -1.2527255384256113e+00  -2.0170008877673662e+00  -1.0112029244495977e+00   0.0000000000000000e+00   0.0000000000000000e+00   0.0000000000000000e+00   0.0000000000000000e+00
   9.2690697781199205e-01   1.4863095168767888e+00  -2.5653030899209885e+00  -1.2086729250679256e+00  -6.7577792190648567e-01   3.0213295323205970e-02  -1.2423088311702868e+00  -2.0002537908945546e+00   0.0000000000000000e+00   0.0000000000000000e+00   0.0000000000000000e+00   0.0000000000000000e+00
   9.2253219249460772e-01   1.4662511380326217e+00  -2.5575856222859921e+00  -1.2233722996378453e+00  -6.9794562414613126e-01   1.8969125460983349e-02  -1.2318067394326677e+00  -1.9833377763631403e+00   0.0000000000000000e+00   0.0000000000000000e+00   0.0000000000000000e+00   0.0000000000000000e+00
   9.1800894154359336e-01   1.4460643901601760e+00  -2.5496565007125955e+00  -1.2380910156696678e+00  -7.2004189631971638e-01   7.5463999431892781e-03  -1.2212219519038117e+00  -1.9662551164644262e+00   2.0798261808710876e+00   0.0000000000000000e+00   0.0000000000000000e+00   0.0000000000000000e+00
   9.1333908573699507e-01   1.4257519860035739e+00  -2.5415168414303015e+00  -1.2528263381644607e+00  -7.4206396763344618e-01  -4.0535226903130415e-03  -1.2105571679841809e+00  -1.9490081080299964e+00   2.0647678329169228e+00   1.5673686215222216e+00   0.0000000000000000e+00   0.0000000000000000e+00
   9.0852451236201892e-01   1.4053166533590042e+00  -2.5331677912503543e+00  -1.2675755250246847e+00  -7.6400907204472635e-01  -1.5829256900960854e-02  -1.1998151041659804e+00  -1.9315990668832859e+00   2.0495485511161209e+00   1.5796375793011843e+00   1.1798419069683141e+00   0.0000000000000000e+00
   9.0356712771436709e-01   1.3847611506819024e+00  -2.5246105290345247e+00  -1.2823358263768005e+00  -7.8587445768318676e-01  -2.7779377436076971e-02  -1.1889984843710133e+00  -1.9140303477626137e+00   2.0341703572317318e+00   1.5918298652642475e+00   1.1697295204136269e+00   0.0000000000000000e+00
   8.9846886623957389e-01   1.3640882478340077e+00  -2.5158462631696250e+00  -1.2971044863497589e+00  -8.0765738386407326e-01  -3.9902432121214894e-02  -1.1781100441788843e+00  -1.8963043165407263e+00   2.0186352925446038e+00   1.6039428164762475e+00   1.1595706049179961e+00   0.0000000000000000e+00
   8.9323168249364115e-01   1.3433007332889240e+00  -2.5068762331623606e+00  -1.3118787420807883e+00  -8.2935511743083279e-01  -1.1671525298370609e+00  -1.8784233728252215e+00   2.0029454313229014e+00   1.6159737838794901e+00   1.1493676710909735e+00   0.0000000000000000e+00   0.0000000000000000e+00
   8.8785755701869384e-01   1.3224014130674804e+00  -2.4977017067015068e+00  -1.3266558256391876e+00  -8.5096495237997816e-01  -1.1561286984213446e+00  -1.8603899352976840e+00   1.9871028585514714e+00   1.6279201250630155e+00   1.1391232416118116e+00   1.1893534532000081e+00   0.0000000000000000e+00
   8.8234848916680098e-01   1.3013931113572339e+00  -2.4883239847300165e+00  -1.3414329633633966e+00  -8.7248418225913382e-01  -1.1450413155864809e+00  -1.8422064466091053e+00   1.9711096913251938e+00   1.6397792151779809e+00   1.1288398383905671e+00   1.2046672318653326e+00   0.0000000000000000e+00
   8.7670650210479228e-01   1.2802786645817159e+00  -2.4787443943815850e+00  -1.3562073768743532e+00  -8.9391012105346912e-01  -1.1338931544016921e+00  -1.8238753722109247e+00   1.9549680671058554e+00   1.6515484369157687e+00   1.1185199910802399e+00   1.2199950122265639e+00   0.0000000000000000e+00
   8.7093364280833840e-01   1.2590609332429743e+00  -2.4689642951845774e+00  -1.3709762833766943e+00  -9.1524009354633074e-01  -1.1226869987979573e+00  -1.8053992034703941e+00   1.9386801412876058e+00   1.6632251890115941e+00   1.1081662341130907e+00   1.2353339312779297e+00   0.0000000000000000e+00
   8.6503197591831038e-01   1.2377427819915583e+00  -2.4589850740271335e+00  -1.3857368968894730e+00  -9.3647144397030946e-01   1.4057598495269958e+00  -1.1114256396414137e+00  -1.7867804500405502e+00   1.9222480955117538e+00   1.6748068808104606e+00   1.0977811059690334e+00   1.2506811206587281e+00
   8.5900358624474715e-01   1.2163271024810720e+00  -2.4488081482415884e+00  -1.4004864272892346e+00  -9.5760152680047339e-01   1.4239729138240205e+00  -1.1001118765545606e+00  -1.7680216433037148e+00   1.9056741340970709e+00   1.6862909383268962e+00   1.0873671455497220e+00   1.2660337064452429e+00
   8.5285058465745012e-01   1.1948167892307477e+00  -2.4384349635482772e+00  -1.4152220822068544e+00  -9.7862771634905898e-01   1.4420435158380265e+00  -1.0887485125572107e+00  -1.7491253409731771e+00   1.8889604758932403e+00   1.6976747989661012e+00   1.0769268989472742e+00   1.2813888105653155e+00
   8.4657509908565443e-01   1.1732147581378034e+00  -2.4278669931402814e+00  -1.4299410668258228e+00  -9.9954740026520283e-01   1.4599695252370968e+00  -1.0773383616120427e+00  -1.7300941136015902e+00   1.8721093662365420e+00   1.7089559146291711e+00   1.0664629135139965e+00   1.2967435508621792e+00
   8.4017927410340076e-01   1.1515239358764904e+00  -2.4171057422267905e+00  -1.4446405843247063e+00  -1.0203579827888127e+00   1.4777488373786671e+00  -1.0658842381768769e+00  -1.7109305579316618e+00   1.8551230699285699e+00   1.7201317548795887e+00   1.0559777361494860e+00   1.3120950413538868e+00
   8.3366527598768103e-01   1.1297472662343604e+00  -2.4061527400455467e+00  -1.4593178365276376e+00   1.4953793624116929e+00  -1.0543889654464251e+00  -1.6916372927483125e+00   1.8380038707053170e+00   1.7311998035300711e+00   1.0454739205168531e+00   1.3274403931351635e+00   0.0000000000000000e+00
   8.2703529221864602e-01   1.1078876918111380e+00  -2.3950095464097481e+00   3.7623309398186122e-01   1.5128590407719675e+00  -1.0428553731876335e+00  -1.6722169495882009e+00   1.8207540689780670e+00   1.7421575574974284e+00   1.0349540171558185e+00   1.3427767143897020e+00   0.0000000000000000e+00
   8.2029152636050784e-01   1.0859481819607864e+00  -2.3836777494463983e+00   3.9088535749691972e-01   1.5301858322627873e+00  -1.0312862907293681e+00   1.8033759912320289e+00   1.7530025343442415e+00   1.0244205796643346e+00   1.3581011118483906e+00   0.0000000000000000e+00   0.0000000000000000e+00
   8.1343619623927665e-01   1.0639317138970001e+00  -2.3721589647024368e+00   4.8222553127415690e-01   4.0566455056396034e-01   1.5473577200269011e+00  -1.0196845522204658e+00   1.7858719805109398e+00   1.7637322669987858e+00   1.0138761595666153e+00   1.3734106905450731e+00   0.0000000000000000e+00
   8.0647154551128586e-01   1.0418412680978881e+00   4.7202760100415925e-01   4.2056867872484771e-01   1.5643727121783675e+00  -1.0080529979650674e+00   1.7682443935950773e+00   1.7743443045433076e+00   1.0033233115562028e+00   1.3887025534494519e+00   0.0000000000000000e+00   0.0000000000000000e+00
   7.9939982932603482e-01   1.0196798369148123e+00   4.6198122814737758e-01   4.3559572028127114e-01   1.5812288431822987e+00   1.7504956097837359e+00   1.7848362125371677e+00   9.9276459075533841e-01   1.4039738043775170e+00   0.0000000000000000e+00   0.0000000000000000e+00   0.0000000000000000e+00
   7.9222331999733198e-01   4.5208804838781147e-01   4.5074362918220828e-01   1.5979241684303689e+00   1.7326280238875054e+00   1.7952055788925383e+00   9.8220254587929101e-01   1.4192215452490267e+00   0.0000000000000000e+00   0.0000000000000000e+00   0.0000000000000000e+00   0.0000000000000000e+00
   7.8494430683563321e-01   4.4234966487893956e-01   4.6601033662783520e-01   1.6144567674472856e+00   1.7146440539162087e+00   1.8054500059637570e+00   9.7163972846229152e-01   1.4344428810044199e+00   0.0000000000000000e+00   0.0000000000000000e+00   0.0000000000000000e+00   0.0000000000000000e+00
   7.7756509588182010e-01   4.3276764986100685e-01   4.8139375108635563e-01   1.6308247500941999e+00   1.6965461245139561e+00   1.8155671155104387e+00   9.6107868791403528e-01   1.4496349143803915e+00   0.0000000000000000e+00   0.0000000000000000e+00   0.0000000000000000e+00   0.0000000000000000e+00
   7.7008800750829942e-01   3.1688700681665449e-01   5.6758997709233305e-01   4.2334354376372790e-01   4.9689175607103353e-01   1.6470262438785792e+00   9.2786690416256978e-01   1.6783366858786617e+00   1.8255545516514520e+00   9.5052196888252971e-01   1.4647947512647870e+00   0.0000000000000000e+00
   7.6251537745364428e-01   3.1922066324244452e-01   5.8888852025343907e-01   4.1407885469143596e-01   5.1250221379706118e-01   1.6630594062112889e+00   9.1441815587458952e-01   1.6600181991081968e+00   1.8354099742177998e+00   9.3997211691933946e-01   1.4799194997285010e+00   0.0000000000000000e+00
   7.5484955570531986e-01   3.2169282963651191e-01   6.1009478101484149e-01   4.0497505752900964e-01   5.2822296116777323e-01   1.6789224222547283e+00   9.0102931364304151e-01   1.6415931443845067e+00   1.8451310652357802e+00   9.2943167098475654e-01   1.4950062688160384e+00   0.0000000000000000e+00
   7.4709290824335406e-01   3.2430240176409908e-01   6.3120614071484704e-01   3.9603359563382290e-01   5.4405181880868370e-01   1.6946135034634202e+00   8.8770312768050785e-01   1.6230640122780746e+00   1.8547155284667141e+00   9.1890316809862349e-01   1.5100521716386828e+00   0.0000000000000000e+00
   7.3924780973130366e-01   3.2704824704127439e-01   6.5221999728554492e-01   3.8725588034389674e-01   5.5998657846923205e-01   1.7101308790527507e+00   8.7444233381030401e-01   1.6044333161448925e+00   1.8641610836065359e+00   9.0838914184715991e-01   1.5250543234126475e+00   0.0000000000000000e+00
   7.3131665522559597e-01   3.2992920517355606e-01   6.7313376494727850e-01   3.7864328696909760e-01   5.7602501562840236e-01   1.7254728183639374e+00   8.6124965254394847e-01   2.6215318273559349e+00   1.5857035804025172e+00   1.8734654787780787e+00   8.9789211901344501e-01   1.5400098443789916e+00
   7.2330184646426499e-01   3.3294408606072134e-01   6.9394487263531079e-01   3.7019716039316808e-01   5.9216488302850401e-01   1.7406376048475285e+00   8.4812778958841462e-01   2.6232997953811807e+00   1.5668773381331433e+00   1.8826264788584586e+00   8.8741462373350743e-01   1.5549158592460246e+00
   7.1520579876063473e-01   3.3609167445599170e-01   7.1465076954409346e-01   3.6191881031273737e-01   6.0840391274440087e-01   1.7556235571530687e+00   8.3507943417280661e-01   2.6248365013810115e+00   1.8916418704721540e+00   8.7695917271726853e-01   1.5697694956606338e+00   0.0000000000000000e+00
   7.0703094365821539e-01   3.3937072357599907e-01   7.3524892122103847e-01   3.5380951429362734e-01   6.2473981566199799e-01   1.7704290198608956e+00   8.2210725927187156e-01   2.6261419976315774e+00   8.6652827868751758e-01   1.5845678883854575e+00   0.0000000000000000e+00   0.0000000000000000e+00
   6.9877971824336504e-01   3.4277996399273469e-01   7.5573681093621048e-01   3.4587051429623117e-01   6.4117028489709460e-01   1.7850523634786741e+00   8.0921392097566036e-01   2.6272163681658518e+00   8.5612444476148442e-01   1.5993081777217342e+00   0.0000000000000000e+00   0.0000000000000000e+00
   3.4631809320210605e-01   7.7611194301255393e-01   3.3810301693567035e-01   6.5769299194840747e-01   1.7994919885428162e+00   7.9640205742347603e-01   2.6280597326415567e+00  -1.6402485305459433e+00   8.4575017265173802e-01   1.6139875091176896e+00   0.0000000000000000e+00   0.0000000000000000e+00
   3.4998378605378300e-01   7.9637183514071030e-01   3.3050819734419817e-01   6.7430559063915285e-01   1.8137463247669328e+00   7.8367429000665700e-01   2.6286722436019989e+00  -1.6390443857522476e+00   8.3540795107911159e-01   0.0000000000000000e+00   0.0000000000000000e+00   0.0000000000000000e+00
   3.5377568842620327e-01   8.1651403433876812e-01   3.2308719379545692e-01   6.9100571689579449e-01   1.8278138260489130e+00   7.7103322000880692e-01   2.6290540866697709e+00  -1.6376322709390778e+00   8.2510026541845727e-01   0.0000000000000000e+00   0.0000000000000000e+00   0.0000000000000000e+00
   3.5769242066618506e-01   8.3653609355899972e-01   3.1584111037485008e-01   7.0779098497477100e-01   1.8416929763579291e+00   7.5848143190986228e-01   2.6292054820155921e+00  -1.6360114649759945e+00   8.1482959027614899e-01   0.0000000000000000e+00   0.0000000000000000e+00   0.0000000000000000e+00
  -1.8385061453512108e+00   3.6173257648347151e-01   3.0877101699629123e-01   7.2465899403546841e-01   1.8553822938284903e+00   7.4602148808348345e-01   2.6291266813103449e+00  -1.6341812830181999e+00   8.0459839253107390e-01   0.0000000000000000e+00   0.0000000000000000e+00   0.0000000000000000e+00
  -1.8429211590749044e+00   3.6589472427650971e-01   3.0187794547444841e-01   7.4160732508443694e-01   7.3365593288104036e-01   2.6288179718529268e+00  -1.6321410784346762e+00   7.9440912976441413e-01   0.0000000000000000e+00   0.0000000000000000e+00   0.0000000000000000e+00   0.0000000000000000e+00
  -1.8471332740348481e+00   3.7017740593144488e-01   2.9516289597040496e-01   7.5863354037567754e-01   7.2138728933280549e-01   2.6282796727768445e+00  -1.6298902330191170e+00   0.0000000000000000e+00   0.0000000000000000e+00   0.0000000000000000e+00   0.0000000000000000e+00   0.0000000000000000e+00
  -1.8511409074853218e+00   3.7457913759151268e-01   2.8862683060155475e-01   7.7573518803499308e-01   7.0921806053952774e-01   2.6275121383193776e+00  -1.6274281691535211e+00   0.0000000000000000e+00   0.0000000000000000e+00   0.0000000000000000e+00   0.0000000000000000e+00   0.0000000000000000e+00
  -1.8549425119421608e+00   3.7909841057569105e-01   3.4557579641084579e-01   2.8227067626001973e-01   7.9290979812281492e-01   6.9715072778580489e-01   2.6265157545651849e+00  -1.6247543392182433e+00   0.0000000000000000e+00   0.0000000000000000e+00   0.0000000000000000e+00   0.0000000000000000e+00
  -1.8585365797872693e+00   3.8373369402025476e-01   3.3939907720039397e-01   2.7609532493174449e-01   8.1015488471386132e-01   6.8518774873655675e-01   2.6252909410347303e+00  -1.6218682355141840e+00   0.0000000000000000e+00   0.0000000000000000e+00   0.0000000000000000e+00   0.0000000000000000e+00
  -1.8619216351985972e+00   3.8848342733353824e-01   3.3308586940983687e-01   2.7010162887897349e-01   8.2746794653192823e-01   2.9136580875253859e-01   6.7333156272130545e-01   2.6238381515657725e+00  -1.6187693821454507e+00   0.0000000000000000e+00   0.0000000000000000e+00   0.0000000000000000e+00
  -1.8650962432859894e+00   3.9334602976801680e-01   3.2663819542518630e-01   2.6429041120436991e-01   8.4484646765510329e-01   2.8705225298487091e-01   6.6158458248530239e-01   2.6221578717800078e+00  -1.6154573386188145e+00   1.5258733713361861e+00   0.0000000000000000e+00   0.0000000000000000e+00
  -1.8680590026828163e+00   3.9831989460567202e-01   3.2005811617414970e-01   2.5866244969258090e-01   8.6228791752980971e-01   2.8257348466744192e-01   6.4994919895698222e-01   2.6202506214988728e+00  -1.6119316990718353e+00   1.5247456157087453e+00  -2.4260336681370789e+00  -2.5787634237486259e+00
  -1.8708085548463012e+00   4.0340339328293762e-01   3.1334770150612534e-01   2.5321849414946557e-01   8.7978974928122977e-01   2.7793114062621604e-01   6.3842777953379548e-01   2.6181169529492161e+00  -1.6081920971440065e+00   1.5234135344193200e+00  -2.4156499698387197e+00  -2.5788564113690611e+00
  -1.8733435727310672e+00   4.0859487162561542e-01   3.0650904904577164e-01   8.9734940642502359e-01   2.7312689221291514e-01   6.2702266743918189e-01   2.6157574510566377e+00  -1.6042381982029426e+00   1.5218763940670854e+00  -2.4050810952039612e+00  -2.5787256061965524e+00   0.0000000000000000e+00
  -1.8756627705290574e+00   4.1389265573991951e-01   2.9954427406255191e-01   9.1496431316069082e-01   2.6816244334021733e-01   6.1573618095569349e-01   2.6131727349049529e+00  -1.6000697044523258e+00   1.5201334963545909e+00  -2.3943286463942042e+00  -2.5783713968078246e+00   0.0000000000000000e+00
  -1.8777649024592653e+00   4.1929504609991980e-01   2.9245551138301934e-01   9.3263188537385133e-01   2.6303953228536653e-01   6.0457061296705750e-01   2.6103634543163547e+00  -1.5956863504906611e+00   1.5181841726397161e+00  -2.3833942535092558e+00  -2.5777942033710337e+00   0.0000000000000000e+00
  -1.8796487562401074e+00   4.2480032143668778e-01   2.8524492173793903e-01   9.5034952391249850e-01   2.5775992557414146e-01   5.9352823287648426e-01   2.6073302941153567e+00  -1.5910879146452850e+00   1.5160277982971408e+00  -2.3722795753615995e+00  -2.5769944821774624e+00   0.0000000000000000e+00
  -1.8813131611898657e+00   4.3040673835502624e-01   2.7791467516108298e-01  -6.5851543403347990e-01   9.6811462001650050e-01   2.5232542617315734e-01   5.8261128075233559e-01   2.6040739695600958e+00  -1.5862742020526313e+00   1.5136637694833426e+00  -2.3609862957237939e+00  -2.5759727209107082e+00
  -1.8827569857439452e+00   4.3611253354375934e-01   2.7046696866463882e-01  -6.4845724706875063e-01   9.8592454836981225e-01   2.4673786393597319e-01   5.7182197368993526e-01   2.6005952305256059e+00  -1.5812450568213581e+00   1.5110915339072879e+00  -2.3495161284314472e+00  -2.5747294414088615e+00
  -1.8839791370223677e+00   4.4191592086626386e-01   2.6290401507976846e-01  -6.3849765300889560e-01   1.0037766771828969e+00   2.4099910270710989e-01   5.6116249987127786e-01   2.5968948582744469e+00  -1.5760003618748391e+00   1.5083105570063722e+00  -2.3378708097517840e+00  -2.5732651988069755e+00
  -1.8849785576866980e+00   4.4781509394676594e-01   2.5522804292082535e-01  -6.2863875440128636e-01   1.0216683613572199e+00   2.3511103609688064e-01   2.5929736652569351e+00  -1.5705400332792390e+00   1.5053203459747708e+00  -2.3260521058747408e+00  -2.5715805809635874e+00   0.0000000000000000e+00
  -1.8857542344369902e+00   4.5380822450258818e-01   2.4744130348913285e-01  -6.1888263371601437e-01   2.2907558909167136e-01   2.5888324983630797e+00  -1.5648640191350263e+00   1.5021204463385442e+00  -2.3140618082781099e+00  -2.5696762099205275e+00   0.0000000000000000e+00   0.0000000000000000e+00
  -1.8863051890457647e+00   4.5989346357719380e-01   2.3954606712654572e-01  -6.0923135124278793e-01  -8.8088003632919054e-01   2.2289471649221235e-01   7.5799932660736513e-01   2.5844722346680866e+00  -1.5589723093332175e+00   1.4987104320184899e+00  -2.3019017311548740e+00  -2.5675527399459521e+00
  -1.8866304893182453e+00   4.6606894704548946e-01   2.3154461220747963e-01  -5.9968694507135345e-01  -8.9938937361921367e-01   2.1657040065810590e-01   7.4320225709450638e-01   2.5798937842888146e+00  -1.5528649308811318e+00   1.4950899166541118e+00  -2.2895737190002428e+00  -2.5652108573508903e+00
  -1.8867292354596112e+00   4.7233278630922482e-01   2.2343923901369467e-01  -5.9025143187298879e-01  -9.1795022960090333e-01   2.1010465548586413e-01   7.2824816845671281e-01   2.5750980882961403e+00  -1.5465419420350242e+00   1.4912585443731423e+00  -2.2770796377144293e+00  -2.5626512825743109e+00
  -1.8866005715182899e+00   4.7868307368591156e-01   2.1523226829326775e-01  -5.8092680727686008e-01  -9.3655984114715529e-01   2.0349952367367130e-01   7.1313866379042379e-01   2.5700861201253900e+00  -1.5400034346754863e+00   1.4872159966909617e+00  -2.2644213806787588e+00  -2.5598747688536014e+00
  -1.8862436796474729e+00   4.8511788356958258e-01   2.0692603130726980e-01  -5.7171504129888906e-01  -9.5521543645094320e-01   1.9675707807698484e-01   6.9787537794558485e-01   2.5648588845586500e+00  -1.5332495437250304e+00   1.4829619896893358e+00  -2.2516008657259974e+00  -2.5568821004958089e+00
  -1.8856577861216146e+00   4.9163527707757065e-01   1.9852287417684247e-01  -5.6261808315705064e-01  -9.7391422991827470e-01   1.8987941229368219e-01   6.8245996271954756e-01  -1.5262804390335889e+00   1.4784962733711264e+00  -2.2386200339165772e+00  -2.5536740952444266e+00   0.0000000000000000e+00
  -1.8848421506591664e+00   1.9002516496542499e-01  -5.5363785748561001e-01  -9.9265342896811715e-01   1.8286865987462522e-01   6.6689410117236070e-01  -1.5190963153422170e+00   1.4738186364694763e+00  -2.2254808487134494e+00  -2.5502516032405640e+00   0.0000000000000000e+00   0.0000000000000000e+00
  -1.8837960787708483e+00   2.6942082731916978e-01   1.8143527842189588e-01  -5.4477626695183379e-01  -1.0114302267817223e+00   1.7572697032802928e-01   6.5117950267793190e-01   1.4689288998682015e+00  -2.2121853019149795e+00  -2.5466155057932585e+00   0.0000000000000000e+00   0.0000000000000000e+00
  -1.8825189141988403e+00   2.5297754484714319e-01   1.7275560894433983e-01  -5.3603518932408734e-01  -1.0302418092620012e+00   1.6845652478684259e-01   6.3531789788343052e-01  -4.3276201449078938e-01   1.4638269191179776e+00  -2.1987354067404645e+00  -2.5427667173540938e+00   0.0000000000000000e+00
  -1.8810100442010558e+00   2.3639441492463464e-01   1.6398856353151500e-01  -5.2741647453740548e-01  -1.0490853497320090e+00   1.6105953321050112e-01   6.1931104128915537e-01  -4.2918706439535714e-01   1.4585125865082273e+00  -2.1851331961668743e+00  -2.5387061822527897e+00   0.0000000000000000e+00
  -1.8792688884736000e+00   2.1967329926402426e-01   1.5513656287391306e-01  -5.1892195580085620e-01  -1.0679580156781106e+00   1.5353822856270180e-01   6.0316071775283187e-01  -4.2578090648129546e-01   1.4529858268085289e+00  -2.1713807316794487e+00  -2.5344348797422223e+00   0.0000000000000000e+00
   2.0281608673049920e-01   1.4620204103192272e-01  -5.1055343245577034e-01  -1.0868569649725628e+00   1.4589487081281757e-01   5.8686873111183036e-01  -4.2254406666994282e-01   1.4472466055011970e+00  -2.1574800937231768e+00  -2.5299538164720095e+00   0.0000000000000000e+00   0.0000000000000000e+00
   1.8582469380503305e-01   1.3718744396498664e-01  -5.0231268503731874e-01  -1.1057793481155398e+00   1.3813174453049867e-01   5.7043691002734620e-01  -4.5044525103715916e-01  -4.1947704520471274e-01   1.4412949185589536e+00  -2.1434333852983394e+00  -2.5252640337623009e+00   0.0000000000000000e+00
   1.6870105570162158e-01   1.2809523127067596e-01  -4.9420146493778055e-01  -1.1247223064750491e+00   1.3025115886231295e-01   5.5386710679201379e-01  -4.4096451652899754e-01  -4.1658029993351159e-01   1.4351307963405182e+00  -2.1292427321485139e+00  -2.5203666023169164e+00   0.0000000000000000e+00
   1.5144714010907770e-01  -4.8622149958642086e-01  -1.1436829753044240e+00   1.2225544589306425e-01   5.3716119836034115e-01  -4.3159295264231246e-01  -4.1385426036744599e-01   1.4287543133550966e+00  -2.1149102815152907e+00  -2.5152626246529115e+00   0.0000000000000000e+00   0.0000000000000000e+00
  -1.5491792186932729e-01   1.3406493087136018e-01  -4.7837449032928914e-01  -1.1626584832180975e+00   1.1414696842481940e-01   5.2032108311777847e-01  -4.2233282848253889e-01  -4.1129931319132301e-01   1.4221655657248673e+00  -2.1004382012158054e+00  -2.5099532335604078e+00   0.0000000000000000e+00
  -1.7649362718315917e-01   1.1655644521754850e-01  -1.9735821252325723e+00  -4.7066211076885067e-01  -1.1816459541526092e+00   1.0592810367936464e-01   5.0334867977171349e-01  -4.1318638885650227e-01  -4.0891581391759912e-01   1.4153646933983397e+00  -2.0858286792966747e+00  -2.5044395929862540e+00
  -1.9797879401443608e-01   9.8923717050083085e-02  -1.9839467730015610e+00  -4.6308600813957113e-01  -1.2006425034417672e+00   4.8624593310671937e-01  -4.0415585363307160e-01  -4.0670407829593819e-01   1.4083518731391613e+00  -2.0710839257672027e+00  -2.4987228960035743e+00   0.0000000000000000e+00
  -2.1937070645323947e-01   8.1168809638538481e-02  -1.9940897944865883e+00  -4.5564780405429711e-01  -1.2196452431894065e+00   4.6901480886817931e-01  -3.9524341830081217e-01  -4.0466439279838923e-01   1.4011273126763288e+00  -2.0562061718001043e+00  -2.4928043679350513e+00   0.0000000000000000e+00
  -2.4066666825557192e-01   6.3293798529261466e-02  -2.0040102972641054e+00  -4.4834908962800746e-01  -1.2386512802084815e+00   4.5165729119958353e-01  -3.8645125459211821e-01  -4.0279699739081082e-01   1.3936912539332218e+00  -2.0411976635542519e+00  -2.4866852619146953e+00   0.0000000000000000e+00
  -2.6186399857645892e-01   4.5300798391781902e-02  -2.0137074158799670e+00  -4.4119143452310111e-01  -1.2576577192571954e+00  -2.2126929855644799e+00   4.3417538643050330e-01  -3.7778150847266401e-01  -4.0110210699681781e-01   1.3860439779074598e+00  -2.0260606724349186e+00  -2.4803668628094675e+00
  -2.8296004321433516e-01   2.7191934421171508e-02  -2.0231803317191543e+00  -4.3417637129507652e-01  -1.2766616553482968e+00  -2.2206177715329263e+00   4.1657112670925028e-01  -3.6923629725638596e-01  -3.9957989077245670e-01   1.3781857965409490e+00  -2.0107974835133637e+00  -2.4738504832542714e+00
  -3.0395215937286935e-01   8.9693588387544949e-03  -2.0324282533715481e+00  -4.2730541516039727e-01  -1.2956601880193339e+00  -2.2283604310762173e+00   3.9884655850671863e-01  -3.6081771905430743e-01  -3.9823049048627018e-01   1.3701170638590052e+00  -2.4671374666692776e+00   0.0000000000000000e+00
  -3.2483773377658159e-01  -9.3647606540611661e-03  -2.0414504325144516e+00  -4.2058004413340627e-01  -1.3146504092744142e+00  -2.2359190900444781e+00   3.8100375048465401e-01  -3.5252783878530597e-01  -3.9705400236188648e-01   1.3618381577231897e+00  -2.4602291854351632e+00   0.0000000000000000e+00
  -3.4561417065488820e-01  -2.7808221591676851e-02  -2.0502461474904714e+00  -4.1400171172715805e-01  -1.3336294088902885e+00  -2.2432919003774665e+00   3.6304479056332994e-01  -3.4436869780347062e-01  -3.9605049560690814e-01   1.3533495034980689e+00  -2.4531270403764016e+00   0.0000000000000000e+00
  -3.6627889590214935e-01  -4.6358813145360514e-02  -2.0588147214750978e+00  -4.0757184165184118e-01  -1.3525942767767782e+00  -2.2504770463920702e+00   3.4497178929461286e-01  -3.3634230831479855e-01  -3.9521999535894786e-01   1.3446515517237940e+00  -1.3381313889897311e+00   0.0000000000000000e+00
  -3.8682935704147836e-01  -6.5014299132124309e-02  -2.0671555111852675e+00  -4.0129183158935300e-01  -1.3715421003140558e+00  -2.2574727364551332e+00   3.2678687036101572e-01  -3.2845065820802066e-01  -3.9456249307345259e-01   1.3357447931492168e+00  -1.3190078532824581e+00   2.1137624760578100e+00
  -4.0726302531725062e-01  -8.3772415730843625e-02  -2.0752679058143682e+00  -3.9516304463041618e-01  -1.3904699641141325e+00  -2.2642772118983472e+00   3.0849218147874952e-01  -3.2069570411364068e-01  -3.9407794575766381e-01   1.3266297526032189e+00  -1.2998497634433006e+00   2.1125964585413306e+00
  -4.2757739875560125e-01  -1.0263089421878908e-01  -2.0831513386066920e+00  -3.8918681870817995e-01  -1.4093749598348380e+00  -2.2708887403682643e+00   2.9008988232016719e-01  -3.1307937720212264e-01  -3.9376627056113972e-01  -1.2806598412862800e+00   2.1112069753504898e+00   0.0000000000000000e+00
  -1.2158743413529274e-01  -2.0908052710580147e+00  -3.8336445921382994e-01  -2.2773056231500006e+00   2.7158216406025260e-01  -3.0560357731223819e-01  -3.9362735061641840e-01   2.2264556919407497e+00  -1.2614408299462760e+00   2.1095934856570202e+00   0.0000000000000000e+00   0.0000000000000000e+00
  -1.4063971692468280e-01  -2.0982292079486866e+00  -3.7769724232969693e-01  -2.2835261856580602e+00   2.5297121453432586e-01  -2.9827017675052836e-01  -3.9366103210976011e-01   2.2341555116721441e+00  -1.2421954569182685e+00   2.1077554789469479e+00   0.0000000000000000e+00   0.0000000000000000e+00
  -1.5978540913387584e-01  -2.1054226868664601e+00  -3.7218641516251127e-01  -2.2895487897990536e+00   2.3425926271417508e-01  -2.9108101831870531e-01  -3.9386712349058356e-01   2.2416622577905385e+00  -1.2229264676780549e+00   2.1056924828789030e+00   0.0000000000000000e+00   0.0000000000000000e+00
  -1.7902215189582993e-01  -2.1123852831533614e+00  -3.6683319266445386e-01  -2.2953718227857394e+00   2.1544853118561633e-01  -2.8403791420661828e-01  -3.9424539576772816e-01   2.2489741027331873e+00  -1.2036365992526137e+00   2.1034040531441458e+00   0.0000000000000000e+00   0.0000000000000000e+00
  -1.9834758106618805e-01  -2.1191166112844839e+00  -2.3009937072769744e+00   1.9654127465065296e-01  -2.7714264879236483e-01  -3.9479558790262920e-01   2.2560892531389851e+00  -1.1843285945127093e+00   2.1008897914199665e+00   0.0000000000000000e+00   0.0000000000000000e+00   0.0000000000000000e+00
  -2.1775929659037668e-01  -2.1256163200055282e+00  -2.3064128948654470e+00   1.7753975971157582e-01  -2.7039697325795331e-01  -3.9551739820118936e-01   2.2630059428964442e+00  -1.1650051952116174e+00   2.0981493295206386e+00   0.0000000000000000e+00   0.0000000000000000e+00   0.0000000000000000e+00
   2.2837926666440991e+00  -2.3725489511327141e-01  -2.1318840950071878e+00  -2.3116278678406585e+00   1.5844627110941059e-01  -2.6380261224610263e-01  -3.9641049248585736e-01   2.2697224384460424e+00  -1.1456691473306235e+00   2.0951823376347756e+00   0.0000000000000000e+00   0.0000000000000000e+00
   2.2856742773520060e+00  -2.5683194934987785e-01  -2.1379196613757099e+00   1.5957357986284848e-01  -2.3166371418292417e+00  -2.5736125449971797e-01  -3.9747449356997688e-01   2.2762370321333765e+00  -1.1263231944752248e+00   2.0919885201410495e+00   0.0000000000000000e+00   0.0000000000000000e+00
   2.2873340207773798e+00  -2.1437227773806149e+00   1.5144314010613380e-01  -2.3214392649679816e+00  -2.5107455971774084e-01  -3.9870899810967875e-01   2.2825480509249809e+00  -1.1069700795862087e+00   2.0885676195989071e+00   0.0000000000000000e+00   0.0000000000000000e+00   0.0000000000000000e+00
   2.2887722904650403e+00  -2.1492932443016111e+00   1.4339105281547743e-01   1.7214338179750170e+00  -2.3260328144734905e+00  -2.4494415742281855e-01  -4.0011355513131108e-01   2.2886538521505870e+00  -1.0876125476739120e+00   2.0849194143920631e+00   0.0000000000000000e+00   0.0000000000000000e+00
   2.2899895083396009e+00  -2.1546308954519358e+00   1.3541957305098198e-01   1.7309572791606782e+00  -2.3304164034307098e+00  -2.3897164300484028e-01   2.2945528236056965e+00   2.0810437163457975e+00   0.0000000000000000e+00   0.0000000000000000e+00   0.0000000000000000e+00   0.0000000000000000e+00
   2.2909861343636995e+00  -2.1597356048057339e+00   1.2753093629715354e-01   1.7402631401106159e+00  -2.3345886761429200e+00   2.2120131708160409e-01  -2.3315858210828092e-01   2.3002433842944208e+00   2.0769403775538744e+00   0.0000000000000000e+00   0.0000000000000000e+00   0.0000000000000000e+00
   2.2917626597598177e+00   3.4788057221701457e-01  -2.1646072797644758e+00   1.1972736284968545e-01   1.7493507531735866e+00  -2.3385483117994199e+00   2.2525734650231383e-01  -2.2750650453794832e-01   2.3057239848655962e+00   2.0726092837714680e+00   0.0000000000000000e+00   0.0000000000000000e+00
   2.2923196114546269e+00   3.4411202027851545e-01  -2.1692458695140537e+00   1.1201105638578471e-01   1.7582195121772832e+00  -2.3422940200197324e+00   2.2948489631046468e-01  -2.2201691038322641e-01   2.3109931089693352e+00   2.0680503557460272e+00   0.0000000000000000e+00   0.0000000000000000e+00
   2.2926575481646037e+00   3.4050181593329631e-01  -2.1736513561536350e+00   1.0438419913480122e-01   1.7668688404053157e+00  -2.3458245472311097e+00   2.3388276609169981e-01  -2.1669126622828061e-01   2.3160492742345364e+00   2.0632635563061528e+00   0.0000000000000000e+00   0.0000000000000000e+00
   2.2927770653199904e+00   3.3705107803533840e-01  -2.1778237641769183e+00   9.6848960396978670e-02   1.7752982036874612e+00  -2.3491386688385223e+00   2.3844972226513367e-01   2.3208910270500329e+00   2.0582488808909183e+00   0.0000000000000000e+00   0.0000000000000000e+00   0.0000000000000000e+00
   2.2926787877763934e+00   3.3376089934946235e-01  -2.1817631490342979e+00   8.9407488059789583e-02   1.7835071041666517e+00  -2.3522352020420190e+00   2.4318449724363025e-01   2.3255169506170947e+00   2.0530063563619345e+00   0.0000000000000000e+00   0.0000000000000000e+00   0.0000000000000000e+00
   2.2923633781912383e+00   3.3063233476976178e-01  -2.1854696101376563e+00   8.2061911880653995e-02   1.7914950711808202e+00  -2.3551129899300851e+00   2.4808578797626399e-01   2.3299256569351452e+00   2.0475360560049500e+00   0.0000000000000000e+00   0.0000000000000000e+00   0.0000000000000000e+00
   2.2918315276171652e+00   3.2766640884028453e-01  -2.1889432791173826e+00   7.4814341628063927e-02   1.7992616788634215e+00  -2.3577709152399349e+00   2.5315226499814553e-01   2.3341157945769537e+00   2.0418380823428643e+00   0.0000000000000000e+00   0.0000000000000000e+00   0.0000000000000000e+00
   2.2910839650743209e+00   3.2486411239832852e-01  -2.1921843279881790e+00   6.7666868747462597e-02   1.8068065350585858e+00  -2.3602078931789001e+00   2.5838255698954654e-01   2.3118497398433993e-01   2.3380860443819489e+00   2.0359125722027946e+00   0.0000000000000000e+00   0.0000000000000000e+00
   2.2901214500544476e+00   3.2222640774147798e-01  -2.1951929633084495e+00   6.0621565073289488e-02   1.8141292837912493e+00  -2.3624228739410933e+00   2.6377526763469838e-01   2.2950442314345570e-01   2.3418351205629553e+00   2.0297597083703609e+00   0.0000000000000000e+00   0.0000000000000000e+00
   2.2889447745276690e+00   3.1975421942975368e-01   5.3680478747534816e-02   1.8212296047643006e+00  -2.3644148455183904e+00   2.6932896343554980e-01   2.2802229866353066e-01   2.3453617743630359e+00   2.0233797000424056e+00   0.0000000000000000e+00   0.0000000000000000e+00   0.0000000000000000e+00
   2.2875547650173313e+00   3.1744844354613461e-01   4.6845642815334064e-02   1.8281072137971039e+00  -2.3661828288812763e+00   2.7504218762221916e-01   2.2673887651876276e-01   2.3486647887578629e+00   2.0167727982153720e+00   0.0000000000000000e+00   0.0000000000000000e+00   0.0000000000000000e+00
   2.2859522799863394e+00   3.1530993908936078e-01   4.0119065843811592e-02   1.8347618668260368e+00  -2.3677258800742114e+00   2.8091343918818396e-01   2.2565438997502585e-01   2.3517429802009548e+00   2.0099392869436898e+00   0.0000000000000000e+00   0.0000000000000000e+00   0.0000000000000000e+00
   2.2841382107766814e+00   3.1333953322495123e-01   3.3502737650132404e-02   1.8411933512305767e+00  -2.3690430901728390e+00   2.8694119591583667e-01   2.2476902860533468e-01   2.3545952006971747e+00   2.0028794884629946e+00   0.0000000000000000e+00   0.0000000000000000e+00   0.0000000000000000e+00
   2.2821134800223954e+00   3.1153801852947349e-01   2.6998621482192252e-02   1.8474014929951199e+00  -2.3701335901026050e+00   2.9312389900002028e-01   2.2408294783942187e-01   2.3572203402492993e+00   0.0000000000000000e+00   0.0000000000000000e+00   0.0000000000000000e+00   0.0000000000000000e+00
   2.2798790441316377e+00   3.0990615695356405e-01   2.0608665815744963e-02   1.8533861565525802e+00  -2.3709965400318738e+00   2.9945995944490827e-01   2.2359625795320051e-01   2.3596173185689677e+00   0.0000000000000000e+00   0.0000000000000000e+00   0.0000000000000000e+00   0.0000000000000000e+00
   2.2774358912946240e+00   3.0844467315336338e-01  -9.0053099727887642e-01   1.4334791338091958e-02   1.8591472391924166e+00  -2.3716311438865496e+00   3.0594776445537325e-01   2.2330903193617604e-01   2.3617850950390507e+00   0.0000000000000000e+00   0.0000000000000000e+00   0.0000000000000000e+00
   2.2747850405570271e+00   3.0715425704159133e-01  -8.8346623225634069e-01   8.1788981363257601e-03   1.8646846778322488e+00  -2.3720366349187536e+00   3.1258565793289228e-01   2.2322129489042575e-01   2.3637226601916104e+00   0.0000000000000000e+00   0.0000000000000000e+00   0.0000000000000000e+00
   2.2719275439847753e+00   3.0603556948554911e-01  -8.6624410887993508e-01   2.1428648600615146e-03   1.8699984427900043e+00  -2.3722122881236642e+00   3.1937196824094288e-01   2.2333304217130162e-01   2.0644209445743078e+00   0.0000000000000000e+00   0.0000000000000000e+00   0.0000000000000000e+00
   2.2688644854785784e+00   3.0508923157748613e-01  -8.4886655833609015e-01  -3.7714554177902498e-03   1.8750885428152340e+00  -2.3721574132974834e+00   3.2630498532652724e-01   2.2364421984172095e-01   2.0795740650084054e+00  -1.5084281817200167e+00   0.0000000000000000e+00   0.0000000000000000e+00
   2.2655969785968280e+00   3.0431583130835860e-01  -8.3133553637336133e-01  -9.5622323606656852e-03   1.8799550236879248e+00   3.3338297172237807e-01   2.2415473751815121e-01   2.0946000573383849e+00  -1.4952337190461324e+00   0.0000000000000000e+00   0.0000000000000000e+00   0.0000000000000000e+00
   2.2621261704084423e+00   3.0371592334079522e-01  -8.1365302923611005e-01  -1.5227658399318158e-02   1.8845979679979703e+00   3.4060416098993951e-01   2.2486446130554863e-01   2.1094964892865415e+00  -1.4818307596732416e+00   0.0000000000000000e+00   0.0000000000000000e+00   0.0000000000000000e+00
   2.2584532376014725e+00   3.0329002812510492e-01  -7.9582105073531939e-01  -2.0765949205819822e-02   1.8890174901917365e+00   3.4796676051167869e-01   2.2577321811832413e-01   2.1242609453035364e+00  -1.4682207548625372e+00   0.0000000000000000e+00   0.0000000000000000e+00   0.0000000000000000e+00
   2.2545793885821173e+00   3.0303862503934642e-01  -7.7784163108143400e-01  -2.6175348877750085e-02   1.8932137469432240e+00   3.5546894416721470e-01   2.2688079327374153e-01   2.1388910287222518e+00  -1.4544051861703791e+00   0.0000000000000000e+00   0.0000000000000000e+00   0.0000000000000000e+00
   2.2505058625374357e+00   3.0296216756070177e-01  -7.5971683235647736e-01  -3.1454122391719248e-02   1.8971869300707902e+00  -3.7838402983130165e-01   3.6310886379242407e-01   2.2818693429238687e-01   2.1533843621234170e+00   5.0298917819643674e-01  -1.4403855708364421e+00   1.9126577122051682e+00
   2.2462339284596355e+00   3.0306106999286075e-01  -7.4144874344278799e-01  -3.6600559582757375e-02   1.9009372642904447e+00  -3.8795265293829528e-01   3.7088464077243749e-01   2.2969134634978941e-01   2.1677385825870896e+00   5.1966102706254069e-01  -1.4261634555908715e+00   1.8973275845601818e+00
   2.2417648855965293e+00   3.0333570813018462e-01  -7.2303947530136581e-01  -4.1612979410522770e-02   1.9044650113918600e+00  -3.9746137723197367e-01   3.7879437036558850e-01   2.3139369275602731e-01   2.1819513498324636e+00   5.3616790509661305e-01  -1.4117404282611437e+00   1.8818973545580719e+00
   2.2371000644228447e+00   3.0378642495522845e-01  -7.0449116271438450e-01  -4.6489720863508305e-02   1.9077704739864392e+00  -4.0690767105687009e-01   3.8683611624330949e-01   2.3329359793247487e-01   2.1960203404451963e+00   5.5250792862468479e-01  -1.3971181024411174e+00   1.8663695442335186e+00
   2.2322408251705101e+00   3.0441353091388740e-01  -6.8580596353411782e-01  -5.1229152122725850e-02   1.9108539854895306e+00  -4.1628901750965519e-01   2.3539064774018886e-01   2.2099432542729729e+00   5.6867924614997845e-01  -1.3822981285645572e+00   1.8507466904166718e+00   0.0000000000000000e+00
   2.2271885559747071e+00   3.0521729584180252e-01  -6.6698606311048891e-01  -5.5829666001840868e-02   1.9137159169991869e+00  -4.2560290778900006e-01  -4.1862144343998803e-01   2.3768438446071311e-01   2.2237178060418601e+00   5.8468003834022375e-01  -1.3672821805650952e+00   1.8350313435860490e+00
   3.0619795989003751e-01  -6.4803366578925592e-01  -6.0289683944393095e-02   1.9163566777836167e+00  -4.3484684401772589e-01  -4.2881360908313298e-01   2.4017431188842867e-01   2.2373417366952557e+00   6.0050851228441104e-01  -1.3520719782812809e+00   1.8192260687357571e+00   0.0000000000000000e+00
   3.0735572036099645e-01  -6.2895100405894144e-01  -6.4607650752809984e-02  -4.4401833997891621e-01  -4.3896409670361852e-01   2.4285989376136211e-01   2.2508128014617577e+00   6.1616291349678642e-01  -1.3366692620160028e+00   1.8033334386863729e+00   0.0000000000000000e+00   0.0000000000000000e+00
