   3.0548900586603756e-01  -6.7641528685935692e-01   1.3322823863526336e+00   5.3780563572260021e-01   1.9095254880300483e+00   9.1340911462964580e-01  -1.6843388705415410e+00  -1.9216803067925330e+00  -3.3103456532452336e-01   0.0000000000000000e+00   0.0000000000000000e+00   0.0000000000000000e+00
   3.2814390731221010e-01   1.3496548574110034e+00   5.2881109881028554e-01   1.9236823805178145e+00   9.0228421839835637e-01  -1.6651244092366271e+00  -1.9331344770205952e+00  -3.1393902827040743e-01   0.0000000000000000e+00   0.0000000000000000e+00   0.0000000000000000e+00   0.0000000000000000e+00
   3.5071562353904712e-01   1.3668507407638675e+00   5.1979053710306400e-01   1.9377310210940433e+00   8.9116105621246378e-01  -1.6458133729000155e+00  -1.9444722799070178e+00  -2.9671903582398407e-01   0.0000000000000000e+00   0.0000000000000000e+00   0.0000000000000000e+00   0.0000000000000000e+00
   3.7320127250949053e-01   1.3838680378956860e+00   5.1074647287827168e-01   1.9516686643728371e+00   8.8004238684400016e-01  -1.6264084785803428e+00  -1.9556913983864355e+00  -2.7937652663223578e-01   0.0000000000000000e+00   0.0000000000000000e+00   0.0000000000000000e+00   0.0000000000000000e+00
   3.9559799534257212e-01   1.4007047962438621e+00   5.0168143668716347e-01   1.9654925789987054e+00   8.6893098059393969e-01  -1.6069124527084417e+00  -1.9667895255424714e+00  -2.6191346113981750e-01   0.0000000000000000e+00   0.0000000000000000e+00   0.0000000000000000e+00   0.0000000000000000e+00
   4.1790293928785271e-01   1.4173590752739667e+00   4.9259795801134909e-01   1.9792000484087959e+00   8.5782959019079175e-01  -1.5873280322245751e+00  -1.9777643735552677e+00  -2.4433183041054632e-01   0.0000000000000000e+00   0.0000000000000000e+00   0.0000000000000000e+00   0.0000000000000000e+00
   4.4011327986758891e-01   1.4338289865215432e+00   4.8349857105594890e-01   1.9927883692695099e+00   8.4674096830796675e-01  -1.5676579664443675e+00  -1.9886136695140335e+00  -2.2663364022098664e-01   0.0000000000000000e+00   0.0000000000000000e+00   0.0000000000000000e+00   0.0000000000000000e+00
   4.6222620362961997e-01  -1.6386663424909758e+00   1.4501126509868809e+00   4.7438580781183454e-01   2.0062548579888912e+00   8.3566786245848779e-01  -1.5479050172362308e+00  -1.9993351585706489e+00  -2.0882092735764590e-01   0.0000000000000000e+00   0.0000000000000000e+00   0.0000000000000000e+00
   4.8423891407529596e-01  -1.6341053397658762e+00   1.4662082457247729e+00   4.6526220671323421e-01   2.0195968428375966e+00   8.2461301434536338e-01  -1.5280719509642080e+00  -2.0099266004446341e+00  -1.9089574201228518e-01   0.0000000000000000e+00   0.0000000000000000e+00   0.0000000000000000e+00
   5.0614863154663148e-01  -1.6293178608104586e+00   1.4821139607527356e+00   2.3744725482429354e+00   4.5613030130747223e-01   8.1357915478761955e-01  -1.5081615505120431e+00  -2.0203857721438574e+00  -1.7286016800126669e-01   0.0000000000000000e+00   0.0000000000000000e+00   0.0000000000000000e+00
   5.2795260524917986e-01  -1.6243037263100870e+00   1.4978280234592096e+00   2.3813889698231012e+00   4.4699262996249178e-01   8.0256901801727132e-01  -1.4881766008495503e+00  -2.0307104703827639e+00   1.7439745827019162e-01  -1.5471630192694180e-01   0.0000000000000000e+00   0.0000000000000000e+00
   5.4964809346482135e-01  -1.6190628027603460e+00   1.5133487037992559e+00   2.3880705134111340e+00   4.3785172843170828e-01   7.9158531932358966e-01  -1.4681198979559140e+00   1.7247795207255984e-01  -1.3646626409138671e-01   0.0000000000000000e+00   0.0000000000000000e+00   0.0000000000000000e+00
   5.7123237567420426e-01  -1.6135949897829489e+00   1.5286742890320686e+00   2.3945167217354224e+00   4.2871013069501335e-01  -2.0117395964299689e+00   7.8063077356829103e-01  -1.4479942511248733e+00   1.7038148468017508e-01  -1.1811219910103329e-01   0.0000000000000000e+00   0.0000000000000000e+00
   5.9270275472563416e-01  -1.6079002250546035e+00   1.5438031162102617e+00   2.4007271792602052e+00   4.1957037444278650e-01  -2.0183253828188858e+00   7.6970808651411993e-01  -1.4278024670388232e+00   1.6810920810387117e-01  -9.9656271423950449e-02   0.0000000000000000e+00   0.0000000000000000e+00
   6.1405655484467669e-01  -1.6019784877154430e+00   1.5587335394563568e+00   2.4067015046446256e+00   4.1043499103422526e-01  -2.0247151271302175e+00  -1.4075473688922262e+00   1.6566230187123937e-01  -8.1100659256941598e-02   0.0000000000000000e+00   0.0000000000000000e+00   0.0000000000000000e+00
   6.3529111396499327e-01  -1.5958297959431456e+00   1.5734639630730898e+00   2.4124393530077217e+00   4.0130651287625624e-01  -2.0309069228088421e+00  -1.3872317781939933e+00   1.6304197865128578e-01  -6.2447573754748548e-02   0.0000000000000000e+00   0.0000000000000000e+00   0.0000000000000000e+00
   6.5640379719389652e-01  -1.5894542016726303e+00   1.5879928116746511e+00   2.4179404204957664e+00  -2.0368988974310427e+00  -1.3668585338410177e+00   1.6024947580351542e-01  -4.3699239112256628e-02   0.0000000000000000e+00   0.0000000000000000e+00   0.0000000000000000e+00   0.0000000000000000e+00
   6.7739199353336754e-01  -1.5828518005889760e+00   1.6023185513843989e+00   2.4232044390591718e+00  -2.0426892030469679e+00  -1.3464304675861465e+00   1.5728607080228632e-01  -2.4857891654646337e-02   0.0000000000000000e+00   0.0000000000000000e+00   0.0000000000000000e+00   0.0000000000000000e+00
   6.9825310871143986e-01  -1.5760227202918011e+00   1.6164396878613152e+00   2.4282311795614797e+00  -2.0482760306724961e+00   2.4100444680126820e+00  -1.3259504254205783e+00   1.5415306254476785e-01  -5.9257999363390669e-03   0.0000000000000000e+00   0.0000000000000000e+00   0.0000000000000000e+00
   7.1898457385911019e-01  -1.5689671377919687e+00   1.6303547476963214e+00   2.4330204481127913e+00  -2.0536575966324664e+00   2.4021383220949906e+00  -1.3054212556275890e+00   1.5085178253061815e-01   1.3094754959135979e-02   0.0000000000000000e+00   0.0000000000000000e+00   0.0000000000000000e+00
   7.3958383730323207e-01  -1.5616852605934162e+00   1.6440623013510067e+00   2.4375720894451720e+00  -2.0588321516118429e+00   2.3940433190892039e+00  -1.2848458117472834e+00   1.4738358969619600e-01   3.2201474617484564e-02   0.0000000000000000e+00   0.0000000000000000e+00   0.0000000000000000e+00
   7.6004838580349243e-01  -1.5541773339681564e+00   1.6575609597590344e+00   2.4418859878142065e+00  -2.0637979766343912e+00   2.3857612645508648e+00  -1.2642269471284828e+00   1.4374987601885275e-01   5.1392040122365854e-02   0.0000000000000000e+00   0.0000000000000000e+00   0.0000000000000000e+00
   7.8037571429094121e-01  -1.5464436440560827e+00   1.6708493582161845e+00   2.4459620640461854e+00  -2.0685533858677361e+00   2.3772939870032057e+00  -1.2435675214851101e+00   1.3995206103608604e-01   7.0664119481065352e-02   0.0000000000000000e+00   0.0000000000000000e+00   0.0000000000000000e+00
   8.0056334936237639e-01  -1.5384845196231620e+00   2.4498002755603978e+00   2.3025928157974591e+00  -2.0730967263334068e+00   2.3686433436310939e+00  -1.2228703997737134e+00   1.3599159118750362e-01   9.0015353689827812e-02   0.0000000000000000e+00   0.0000000000000000e+00   0.0000000000000000e+00
   8.2060884169630199e-01  -1.5303003203623506e+00   2.4534006173524729e+00   2.2916408058956033e+00  -2.0774263795979655e+00   2.3598112193651413e+00  -1.2021384439438314e+00   1.3186994175617278e-01   1.0944338164880531e-01   0.0000000000000000e+00   0.0000000000000000e+00   0.0000000000000000e+00
   8.4050976549206446e-01  -1.5218914480977155e+00  -2.3978936170161740e+00   2.4567631247051818e+00   2.2805292755139863e+00  -2.0815407561053609e+00   2.3507995268811888e+00  -1.1813745205963375e+00   1.2758861883267492e-01   1.2894581175759437e-01   0.0000000000000000e+00   0.0000000000000000e+00
  -1.5132583452959960e+00  -2.3988629776834629e+00   2.4598878658702752e+00   2.2692601812784581e+00  -2.0854383051960479e+00   2.3416102042230293e+00  -1.1605815017143393e+00   2.1168093255550042e+00   1.2314915174719880e-01   1.4852024264460661e-01  -3.6466829347501267e-01   0.0000000000000000e+00
  -1.5044014888769730e+00  -2.3996022234828214e+00   2.4627749508925323e+00   2.2578355027481045e+00  -2.0891175082781119e+00   2.3322452162326166e+00   2.1217028735353085e+00   1.1855310253029638e-01   1.6816425744311483e-01  -3.5908236706121299e-01   0.0000000000000000e+00   0.0000000000000000e+00
  -1.4953213965117136e+00  -2.4001118734661122e+00   2.4654245249113451e+00   2.2462572406230632e+00  -2.0925768784046874e+00   2.3227065517439089e+00   2.1264080715261677e+00   1.1380205646966138e-01  -3.5365905401723347e-01   0.0000000000000000e+00   0.0000000000000000e+00   0.0000000000000000e+00
  -1.9318375650241124e-01  -1.4860186210722732e+00  -2.4003924855706020e+00   2.4678367725538797e+00   2.2345274179637546e+00  -2.0958149665528718e+00   2.3129962297936015e+00  -2.3147991391166403e+00   2.1309234598169087e+00   1.0889763103363923e-01  -3.4839954463900658e-01   0.0000000000000000e+00
  -1.8575615580383725e-01  -1.4764937576878228e+00  -2.4004446487052511e+00   2.4700119123386375e+00   2.2226480772510340e+00  -2.0988303590225392e+00   2.3031162878304627e+00  -2.3228138868581474e+00   2.1352476105263918e+00   1.0384146208998850e-01  -3.4330498847517021e-01   0.0000000000000000e+00
  -1.7824682279013945e-01  -1.4667474391609738e+00  -2.4002689911245558e+00   2.4719502020106630e+00   2.2106212841197510e+00  -2.1016216765693927e+00   2.2930687932337190e+00  -2.3305704900238395e+00   2.1393791217591582e+00   9.8635218335126479e-02  -3.3837650998894159e-01   0.0000000000000000e+00
  -1.7065799754753649e-01  -1.4567803329140729e+00  -2.3998661768379521e+00   2.4736519371695844e+00   2.1984491212078416e+00  -2.1041875714981710e+00   2.2828558346208698e+00  -2.3380683348863873e+00   2.1433166220344786e+00   9.3280596012880301e-02   1.6496854078473360e+00  -3.3361519751937790e-01
  -1.6299192948718114e-01  -1.4465931477473373e+00  -2.3992369022193194e+00   2.4751174483587608e+00   2.1861336943475931e+00  -2.1065267396334253e+00   2.2724795253540377e+00  -2.3453068456797030e+00   2.1470587725702761e+00   8.7779311039426669e-02   1.6434264290758669e+00  -3.2902210603346793e-01
  -1.5525088640405629e-01  -1.4361866274275843e+00  -2.3983819022739357e+00   2.4763471070261565e+00   2.1736771272552264e+00  -2.1086379053385573e+00   2.2619420029382398e+00  -2.3522855037201471e+00   2.1506042622778505e+00   8.2133111318823629e-02   1.6369508731275975e+00  -3.2459825914495671e-01
  -1.4743714909531258e-01  -1.4255615561912522e+00  -2.3973019451906588e+00   2.4773413165648388e+00   2.1610815633669285e+00  -2.1105198343119214e+00   2.2512454261155885e+00  -2.3590038184579036e+00   2.1539518125196304e+00   7.6343765919175507e-02   1.6302587714263179e+00  -3.2034464560757142e-01
  -1.3955301108684393e-01  -1.4147187529834566e+00  -2.3959978367088990e+00   2.4781005198013815e+00   2.1483491651005044e+00  -2.1121713275992944e+00   2.2403919778304471e+00  -2.3654613603010977e+00   2.1571001729405044e+00   7.0413071581377676e-02   1.6233501851727365e+00  -3.1626222116542146e-01
  -1.3160077799016648e-01  -1.4036590743359123e+00  -2.3944704140377966e+00   2.4786251969363771e+00   2.1354821140848976e+00  -2.1135912217310144e+00   2.2293838619130941e+00  -2.3716577353836796e+00   2.1600481266479639e+00   6.4342846237097004e-02   1.6162252170702802e+00  -3.1235190897063431e-01
  -1.2358277241980190e-01  -1.3923834170226275e+00  -2.3927205510948766e+00   2.4789158632786519e+00   2.1224826082275707e+00  -2.1147783911068525e+00   2.2182233045241659e+00  -2.3775926035412445e+00   2.1627944869719453e+00   5.8134938384241393e-02   1.6088840017600048e+00  -3.0861459635904992e-01
  -1.1550132270923991e-01  -2.3907491537833572e+00   2.4789730713592033e+00   2.1093528659753709e+00  -2.1157317502742128e+00   2.2069125523947766e+00  -2.3832656625943049e+00   2.1653380980554822e+00   5.1791212267796968e-02   1.6013267138866853e+00  -3.0505113755548841e-01   0.0000000000000000e+00
  -1.0735877409607299e-01  -2.3885571685532887e+00   2.4787974080199451e+00   2.0960951216915720e+00  -2.1164502468702184e+00   2.1954538741574670e+00  -2.3886766599771319e+00   2.1676778360276550e+00   4.5313562505061661e-02   1.5935535572302051e+00  -3.0166235340875364e-01   0.0000000000000000e+00
  -9.9157481759184804e-02   1.0981935692419387e-01  -2.3861455681878554e+00   2.4783894986857784e+00   2.0827116270466428e+00  -2.1169328708605240e+00   2.1838495578108885e+00  -2.3938253902012621e+00   2.1698126075871342e+00   3.8703904642353876e-02   1.5855647798615942e+00  -2.9844902908495780e-01
  -9.0899813787028910e-02   1.1503208188744600e-01  -2.3835153648062932e+00   2.4777500044727758e+00   2.0692046503202577e+00  -2.1171786449761556e+00   2.1721019115183369e+00  -2.3987116905018349e+00   2.1717413529354714e+00   3.1964178990634369e-02   1.5773606616761142e+00  -2.9541191552249407e-01
  -8.2588146155933170e-02   1.2037590082117078e-01  -2.3806676044253448e+00   2.4768796228238426e+00   2.0555764769531599e+00  -2.1171866370047705e+00   2.1602132640905820e+00  -2.4033354464747423e+00   2.1734630452478183e+00   2.5096347064146287e-02   1.5689415188408031e+00   0.0000000000000000e+00
  -7.4224867538403835e-02   1.2584910701850643e-01  -2.3776033624060222e+00   2.4757790841505258e+00   2.0418294077694670e+00  -2.1169559465065513e+00   2.1481859612879650e+00  -2.4076965863574040e+00   2.1749766880316121e+00   1.5603077049020215e+00  -1.0695778556371558e+00   0.0000000000000000e+00
  -6.5812372911673009e-02   1.3144997313884141e-01  -2.3743237495148568e+00   2.4744491559023412e+00   2.0279657595560638e+00   2.1360223685488564e+00  -2.4117950873579797e+00   2.1762813177039320e+00   1.5514596115587169e+00  -1.0896534223571366e+00   0.0000000000000000e+00   0.0000000000000000e+00
  -5.7353073444059897e-02   1.3717674698485741e-01  -2.3708299130115926e+00   2.4728906430915374e+00   2.0139878647128855e+00   2.1237248705781231e+00  -2.4156309723913747e+00   2.1773760018149422e+00  -6.9138526892468299e-01   1.5423976617113415e+00  -1.1097123959443365e+00   0.0000000000000000e+00
  -4.8849384296147796e-02   1.4302765091702732e-01  -2.3671230288721321e+00   2.4711043850568175e+00   1.9998980687599228e+00   8.7574907290411153e-01   2.1112958681079466e+00  -2.4192043083734527e+00   2.1782598434985121e+00  -7.1298249044121365e-01   1.5331223174521185e+00  -1.1297519637654163e+00
  -4.0303729263860930e-02   1.4900088660935265e-01  -2.3632043075050784e+00   1.9856987338456717e+00   8.5411015158753201e-01   2.0987377795899258e+00  -2.4225152073901901e+00   2.1789319782019705e+00  -7.3462716907834646e-01   1.5236340783968314e+00  -1.1497693183510307e+00   0.0000000000000000e+00
  -3.1718544671525406e-02   1.5509462717761618e-01  -2.3590749909720454e+00   1.9713922356343043e+00   8.3248826153031863e-01   2.0860530407652824e+00  -2.4255638292470016e+00   2.1793915726309416e+00  -7.5631631368669461e-01   1.5139334774057431e+00  -1.1697616573292493e+00   0.0000000000000000e+00
  -2.3096270681984814e-02   1.6130702847916523e-01  -2.3547363558110459e+00  -1.2529058450901425e+00   1.9569809620493031e+00   8.1088638612988162e-01   2.0732441027892969e+00  -2.4283503799355817e+00   2.1796378273538912e+00  -7.7804691005256432e-01   1.5040210879151510e+00  -1.1897261778119657e+00
  -1.4439356359324945e-02   1.6763622213445092e-01  -2.3501897084930059e+00  -1.2671428811594458e+00   1.9424673168008066e+00   7.8930751208493677e-01   2.0603134334480990e+00  -2.4308751071275734e+00   2.1796699791448844e+00  -7.9981593440641663e-01   1.4938975140467734e+00  -1.2096600857823456e+00
  -5.7502572752296350e-03   1.7408031614913241e-01  -2.3454363868914685e+00  -1.2811877761320518e+00   1.9278537151753024e+00   7.6775460961142716e-01   2.0472635156996795e+00  -2.4331383071421695e+00   2.1794872943119321e+00  -8.2162034638828629e-01   1.4835634001037408e+00  -1.2295605858446024e+00
   2.9685613101597935e-03   1.8063739774194579e-01  -2.3404777629390510e+00  -1.2950391107272639e+00   1.9131425840752161e+00   7.4623064545163853e-01   2.0340968475158752e+00  -2.4351403221591799e+00   2.1790890729296968e+00  -8.4345709485592335e-01   1.4730194261475218e+00  -1.2494248952953197e+00
   1.1714629972300413e-02   1.8730553128854321e-01  -2.3353152378805588e+00  -1.3086954905835630e+00   1.8983363641341078e+00   7.2473857298930644e-01   2.0208159413085136e+00  -2.4368815384286218e+00   2.1784746526098644e+00  -8.6532312390974553e-01   1.4622663051442775e+00  -1.2692502300873112e+00
   2.0485474736847493e-02   1.9408276137854202e-01  -2.3299502454874745e+00  -1.3221555561358034e+00   1.8834375075205094e+00   7.0328133835075890e-01   2.0074233232175742e+00  -2.4383623864878738e+00   2.1776434003740577e+00  -8.8721535917723338e-01   1.4513047890678936e+00  -1.2890338179757022e+00
   2.9278615458957654e-02   2.0096711228102834e-01  -2.3243842470089198e+00  -1.3354179747502095e+00   1.8684484768032594e+00   6.8186188314320062e-01   1.9939215328845312e+00  -2.4395833423070266e+00   2.1765947192017339e+00  -9.0913071204762064e-01   1.4401356694543612e+00  -1.3087728877974818e+00
   3.8091563097844276e-02   2.0795658497415362e-01  -1.3484814624635022e+00   1.8533717457886696e+00   6.6048312739235637e-01  -2.4405449288914576e+00   2.1753280478498742e+00  -9.3106609451465328e-01   1.4287597613219090e+00  -1.3284646810108995e+00   0.0000000000000000e+00   0.0000000000000000e+00
   4.6921829772681840e-02   2.1504916279871808e-01   1.4447112055934186e-01  -1.3613447532440022e+00   1.8382098001699163e+00   6.3914799360784413e-01   2.4751556080491812e+00  -2.4412477116771867e+00   2.1738428552705398e+00  -9.5301839907527941e-01   1.4171779320063020e+00  -1.3481064406518988e+00
   5.5766918977529598e-02   2.2224280660865231e-01   1.5331810836988086e-01  -1.3740066245261289e+00   1.8229651332619374e+00   6.1785938362837456e-01   2.4791311583951039e+00  -2.4416923016373997e+00   2.1721386480337035e+00  -9.7498451859349566e-01   1.4053910727550181e+00  -1.3676954185711163e+00
   6.4624331479855426e-02   2.2953546259828081e-01   1.6210729186335804e-01  -1.3864658814590691e+00   1.8076402502904267e+00   5.9662019170604264e-01   2.4828767163000900e+00   2.1702149648534137e+00  -9.9696132901067036e-01   1.3934001126965507e+00  -1.3872288793647012e+00   0.0000000000000000e+00
   2.3692505300680811e-01   1.7083620065788524e-01  -1.3987213693212954e+00   1.7922376646546903e+00   5.7543329843616797e-01   2.4863910803001654e+00   2.1680713808303906e+00  -1.0189457023497335e+00   1.3812060187422708e+00  -1.4067040907644630e+00   0.0000000000000000e+00   0.0000000000000000e+00
   2.4440948192664885e-01   1.7950236982713758e-01  -1.4107719631246971e+00   5.5430157168436778e-01   2.4896730814966581e+00  -8.8290749106244654e-02   2.1657075034081559e+00  -1.0409345029751438e+00   1.3688097957844916e+00  -1.4261183346660449e+00   0.0000000000000000e+00   0.0000000000000000e+00
   2.5198663717853198e-01   1.8810334709053031e-01  -1.4226165778489734e+00   5.3322786955750190e-01   2.4927215917276273e+00  -8.1476370810155116e-02  -1.0629245879870017e+00   1.3562124779351183e+00   0.0000000000000000e+00   0.0000000000000000e+00   0.0000000000000000e+00   0.0000000000000000e+00
   1.9663669369352510e-01  -1.4342541557689099e+00   2.3540257099552447e-01   5.1221503254873835e-01   2.4955355184583756e+00  -7.4795932024887157e-02  -1.0849128052754791e+00   1.3434151374389010e+00   0.0000000000000000e+00   0.0000000000000000e+00   0.0000000000000000e+00   0.0000000000000000e+00
  -2.3470390139617616e+00   2.0509997722549819e-01  -1.4456836840878744e+00   2.3834344630010706e-01   4.9126588834839258e-01   2.4981138048023039e+00  -6.8251394742599780e-02  -1.1068960061696416e+00   1.3304188836805348e+00   0.0000000000000000e+00   0.0000000000000000e+00   0.0000000000000000e+00
  -2.3580582816939613e+00   2.1349077884993783e-01  -1.4569041747868707e+00   2.4146722944556370e-01   4.7038325465738001e-01   2.5004554365242289e+00  -6.1844692130075631e-02  -1.1288710238857680e+00   1.3172248570784000e+00   0.0000000000000000e+00   0.0000000000000000e+00   0.0000000000000000e+00
  -2.3689059580953180e+00   2.2180669530189712e-01  -1.4679146824716127e+00   2.4477322416531994e-01   4.4956992426311482e-01   2.5025594309573518e+00  -5.5577729296649683e-02   1.3038342341338180e+00   0.0000000000000000e+00   0.0000000000000000e+00   0.0000000000000000e+00   0.0000000000000000e+00
  -2.3795801445939553e+00   2.3004533162208546e-01  -1.4787142919715663e+00   2.4826069991859515e-01   4.2882868624117182e-01   2.5044248501237814e+00  -4.9452386095000668e-02   1.2902482310160761e+00   0.0000000000000000e+00   0.0000000000000000e+00   0.0000000000000000e+00   0.0000000000000000e+00
  -2.3900789691239939e+00   2.8574869084250371e-01   2.3820430453562352e-01  -1.4893021295385893e+00   2.5192889057428131e-01   4.0816230452273627e-01   2.5060507868070929e+00  -4.3470515026075747e-02   0.0000000000000000e+00   0.0000000000000000e+00   0.0000000000000000e+00   0.0000000000000000e+00
  -2.4004005856305044e+00   2.8059698942511357e-01   2.4628124681882707e-01  -1.4996773543206070e+00   2.5577699553522038e-01   3.8757353309894454e-01   2.5074363792035395e+00  -3.7633941046725683e-02   0.0000000000000000e+00   0.0000000000000000e+00   0.0000000000000000e+00   0.0000000000000000e+00
  -2.4105431763122387e+00   2.7560305780113331e-01   2.5427380583864395e-01  -1.5098391580938442e+00   2.5980417962865376e-01   3.6706510366463996e-01   2.5085808013517181e+00  -3.1944458821836913e-02  -2.4022716768081660e-02   0.0000000000000000e+00   0.0000000000000000e+00   0.0000000000000000e+00
  -2.4205049498280764e+00   2.7076828492522825e-01   2.6217964194621174e-01  -1.5197867731201464e+00   2.6400957308678674e-01   3.4663973867894637e-01   2.5094832648323022e+00  -2.6403835536653045e-02  -2.8847342967726741e-02   2.0480250273322125e+00   0.0000000000000000e+00   0.0000000000000000e+00
  -2.4302841434899012e+00   2.6609402925962045e-01   2.6999642866576667e-01  -1.5295194678690960e+00   2.6839227151828449e-01   3.2630013648825801e-01   2.5101430227719059e+00  -2.1013811421156187e-02  -3.3536201549950420e-02   2.0496635323067482e+00  -2.3297502165120552e+00   0.0000000000000000e+00
  -2.4398790222017221e+00   2.6158161379566386e-01   2.7772185381321118e-01  -1.5390365449286263e+00   2.7295133699027146e-01   3.0604897699167172e-01   2.5105593657838621e+00  -1.5776093146365324e-02  -3.8087616821704480e-02   2.0510730036965295e+00  -2.3279449431106332e+00   0.0000000000000000e+00
  -2.4492878794750821e+00   2.5723232869800550e-01   2.8535362313286966e-01  -1.5483373446330153e+00   2.7768579634525392e-01   2.8588892482959799e-01   2.5107316208657049e+00  -1.0692363245817241e-02  -4.2499939163633108e-02   2.0522540897594594e+00  -2.3259151494951635e+00   0.0000000000000000e+00
  -2.4585090371414386e+00   2.5304742915736467e-01   2.9288945579824743e-01  -1.5574212425471874e+00   2.8259464333717998e-01   2.5106591617889871e+00  -5.7642703121296669e-03  -4.6771541033782470e-02   2.0532074787170478e+00  -2.3236604635301599e+00   0.0000000000000000e+00   0.0000000000000000e+00
  -2.4675408462906878e+00   2.4902813754735953e-01   3.0032709118094347e-01  -1.5662876497594695e+00   2.8767683791398085e-01   2.5103413956352951e+00  -9.9343283260767056e-04  -5.0900824112750723e-02   2.0539338906220235e+00  -2.3211805487621273e+00   1.6258490186119756e+00   0.0000000000000000e+00
  -2.4763816868413051e+00   2.4517563971780262e-01   3.0766427659757084e-01  -1.5749360190994628e+00   2.9293130640787529e-01   2.5097777712080487e+00   3.6185569796094424e-03  -5.4886216615210134e-02   2.0544340897604831e+00  -2.3184750965277261e+00   1.6353973682200909e+00   0.0000000000000000e+00
  -2.4850299683864345e+00   2.4149108891384513e-01   3.1489878622705797e-01  -1.5833658336756740e+00   2.9835694158530240e-01   2.5089677776051986e+00   8.0701433813041533e-03  -5.8726173423254216e-02   2.0547088670404912e+00  -2.3155438436731957e+00   1.6447162153022523e+00   0.0000000000000000e+00
  -2.4934841299881048e+00   2.3797560341382343e-01   3.2202840332659055e-01  -1.5915766193751626e+00   3.0395260242972566e-01   2.5079109423678614e+00   1.2359796258414503e-02  -6.2419174937557699e-02   2.0547590588221500e+00  -2.3123865521503442e+00   1.6538049675887234e+00   0.0000000000000000e+00
  -2.5017426408727288e+00   2.3463026511550680e-01   3.2905093413629605e-01  -1.5995679318772105e+00   3.0971711636799398e-01  -3.8560908460129134e-01   2.5066068355663909e+00   1.6486022186982890e-02  -6.5963731615361190e-02   2.0545855317128137e+00  -2.3090030254819847e+00   1.6626630582569921e+00
  -2.5098040001126072e+00   2.3145612098886859e-01   3.3596419957221257e-01  -1.6073393732835879e+00   3.1564927633331469e-01  -3.9272395947813438e-01   2.5050550632383115e+00   2.0447354071092959e-02  -6.9358378877813348e-02   2.0541891880270096e+00  -2.3053931007745061e+00   1.6712899715494403e+00
  -2.5176667375724295e+00   2.2845418353127908e-01   3.4276603941635764e-01  -1.6148905745071409e+00   3.2174784347270063e-01  -3.9997600554404206e-01   2.5032552762553606e+00   2.4242360198397993e-02  -7.2601682585470256e-02   2.0535709714563142e+00  -2.3015566478244831e+00   1.6796852208738589e+00
  -2.5253294135336786e+00   2.2562542949211284e-01   3.4945431412008549e-01  -1.6222212082768048e+00   3.2801154644710051e-01  -4.0736355204757907e-01   2.5012071628889636e+00   2.7869638714227207e-02  -7.5692234023393382e-02   2.0527318563376591e+00  -2.2974935745317540e+00   1.6878483635215693e+00
  -2.5327906192007847e+00   2.2297079853268981e-01   3.5602689944779803e-01  -1.6293309822806739e+00   3.3443908128131250e-01  -4.1488490199754968e-01   2.4989104527468995e+00   3.1327822622253830e-02  -7.8628654595218547e-02   2.0516728529039034e+00  -2.2932038241324948e+00   1.6957789916516990e+00
  -2.5400489767864323e+00   2.2049119558246214e-01   3.6248169465993085e-01  -1.6362196430235632e+00  -4.2253833323175749e-01   2.4963649147201314e+00   3.4615576257443735e-02  -8.1409595855445521e-02   2.0503950078219590e+00  -2.2886873746732412e+00   1.7034767410174487e+00   0.0000000000000000e+00
  -2.5471031398593666e+00   2.1818748996052803e-01   3.6881661708613594e-01   5.1823006213162222e-02  -4.3032209725352094e-01   2.4935703608871838e+00   3.7731596771392074e-02  -8.4033736565163206e-02   2.0488993992573374e+00  -2.2839442385724893e+00   1.7109412756507378e+00   0.0000000000000000e+00
  -2.5539517937430518e+00   2.1606051275272228e-01   3.7502960338227764e-01   6.9069718239464672e-02  -4.3823441965926407e-01   2.4905266387830154e+00  -8.6499782503738534e-02   2.0471871461833273e+00  -2.2789744651934103e+00   1.7181723120881451e+00   0.0000000000000000e+00   0.0000000000000000e+00
  -2.5605936551347552e+00   2.1411105993587301e-01   3.8111861285565768e-01  -5.6309239011968815e-01   8.6181778704301784e-02  -4.4627350263726695e-01   2.4872336448814876e+00  -8.8806475611255459e-02   2.0452593947036104e+00  -2.2737781402344175e+00   1.7251695962622704e+00   0.0000000000000000e+00
  -2.5670274729661431e+00   2.1233989201609929e-01  -5.4267995211761022e-01   1.0315715182458639e-01  -4.5443752194753878e-01   2.4836913075681397e+00  -9.0952580665662350e-02   2.0431173297807050e+00  -2.2683553831655052e+00   1.7319329108004726e+00   0.0000000000000000e+00   0.0000000000000000e+00
  -2.5732520276766562e+00   2.1074773128846669e-01  -5.2214688513164431e-01   1.1999382473067195e-01  -4.6272462898500283e-01  -9.2936895357888863e-02   2.0407621703335943e+00  -2.2627063496526731e+00   1.7384620887620841e+00   0.0000000000000000e+00   0.0000000000000000e+00   0.0000000000000000e+00
  -2.5792661329416666e+00  -5.0149574731722013e-01   1.3668981303873268e-01  -4.7113295340850198e-01  -9.4758247944204024e-02   2.0381951658172484e+00  -2.2568312312439880e+00   1.7447569882428711e+00   0.0000000000000000e+00   0.0000000000000000e+00   0.0000000000000000e+00   0.0000000000000000e+00
  -2.5850686341866767e+00  -4.8072911749508201e-01   1.5324315672057773e-01  -4.7966059751995044e-01  -9.6415497307546644e-02   2.0354176034891212e+00  -2.2507302531567017e+00   1.7508175181466747e+00   0.0000000000000000e+00   0.0000000000000000e+00   0.0000000000000000e+00   0.0000000000000000e+00
  -2.5906584098715082e+00  -4.5984959191775293e-01   1.6965192036844259e-01  -4.8830564350059041e-01  -9.7907531094158118e-02   2.0324307971553806e+00  -2.2444036829862379e+00   1.7566436114285544e+00   0.0000000000000000e+00   0.0000000000000000e+00   0.0000000000000000e+00   0.0000000000000000e+00
  -2.5960343709516667e+00   1.5258112161955542e+00  -3.9335582829248600e-01  -4.3885978676224452e-01   1.8591420576592957e-01  -4.9706614650607073e-01  -1.7804171294831201e+00  -9.9233270186486311e-02   2.0292361031194450e+00  -2.2378518136053493e+00   1.7622352538010941e+00   0.0000000000000000e+00
  -2.6011954618447266e+00   1.5439796020023764e+00  -3.9997035103699868e-01  -4.1776234552979064e-01   2.0202812474458309e-01  -5.0594014301995149e-01  -1.7675433617278691e+00  -1.0039166322714677e-01   2.0258348993529549e+00  -2.2310749818175841e+00   1.7675924624130055e+00   0.0000000000000000e+00
  -2.6061406598925205e+00   1.5620361530095015e+00  -4.0674802881126820e-01  -3.9655992131235679e-01   2.1799183526411531e-01  -5.1492564378553063e-01  -1.7544416998498900e+00  -1.0138169400910249e-01   2.0222286066224044e+00  -2.2240735574160420e+00   1.7727152929864824e+00   0.0000000000000000e+00
  -2.6108689755606664e+00   1.5799784973520015e+00  -4.1368765739472096e-01  -3.7525519499659099e-01   2.3380350752027662e-01  -5.2402063955084655e-01  -1.7411134608398064e+00  -1.0220237577970873e-01   2.0184186683077519e+00  -2.2168479446805209e+00   1.7776038449015437e+00   0.0000000000000000e+00
  -2.6153794528945196e+00   1.5978042781963622e+00  -4.2078800036425296e-01  -3.5385086045631781e-01   2.4946134973977735e-01  -5.3322309768882725e-01  -1.7275599929169938e+00  -1.0285275344440087e-01   2.0144065658856474e+00  -2.2093985807551735e+00   1.7822582463392973e+00   0.0000000000000000e+00
  -2.6196711695107009e+00   1.6155111651941609e+00  -4.2804778892229856e-01  -3.3234963072072038e-01   2.6496359650944212e-01  -5.4253096393632361e-01  -1.7137826859610057e+00  -5.0531236572647231e-01  -1.0333190278279923e-01   2.0101938119695317e+00  -2.2017259497712933e+00   1.7866786757680495e+00
  -2.6237432369891884e+00   1.6330968348872039e+00  -4.3546572318672255e-01  -3.1075424275455371e-01   2.8030850258112933e-01  -5.5194216459188572e-01  -1.6997829707868783e+00  -5.1565860503845806e-01  -1.0363893530581193e-01   2.0057819456591268e+00  -2.1938305568730159e+00   1.7908653406781314e+00
  -2.6275948003302441e+00   1.6505589909193870e+00  -4.4304047130676194e-01  -2.8906744026321524e-01   2.9549436661417849e-01  -5.6145460378880585e-01  -1.6855623149681205e+00  -5.2598988026534810e-01   2.0011725427441074e+00  -2.1857129512096387e+00   1.7948184900160959e+00   0.0000000000000000e+00
  -2.6312250388021652e+00   1.6678953522717805e+00  -4.5077067045664548e-01  -2.6729198552813072e-01   3.1051950293840186e-01  -5.7106616527401166e-01  -1.6711222234536418e+00  -5.3630354604005770e-01  -2.1773737160831428e+00   1.7985384133981324e+00   0.0000000000000000e+00   0.0000000000000000e+00
  -2.6346331660741633e+00   1.6851036538178374e+00  -4.5865492699237376e-01  -2.4543066910368369e-01   3.2538226499175055e-01  -5.8077471227416222e-01  -1.6564642422743487e+00  -5.4659695616314896e-01  -2.1688134698265573e+00   1.8020254342311435e+00   0.0000000000000000e+00   0.0000000000000000e+00
   1.7021816582785265e+00  -4.6669181614628164e-01  -2.2348628226748959e-01   3.4008102686626468e-01  -5.9057808847374327e-01  -1.6415899562271206e+00  -5.5686746580310231e-01  -1.8433618524271576e+00  -2.1600328631911894e+00   1.8052799178967656e+00   0.0000000000000000e+00   0.0000000000000000e+00
   1.7191271391433778e+00  -4.7487988242769186e-01  -2.0146164042897793e-01   3.5461419722263920e-01  -6.0047412004324430e-01  -1.6265009839271545e+00  -5.6711243097472908e-01  -1.8302007327928793e+00  -2.1510325875379213e+00   0.0000000000000000e+00   0.0000000000000000e+00   0.0000000000000000e+00
   1.7359378974126949e+00  -4.8321764062461753e-01  -1.7935957030870769e-01   3.6898022264947888e-01  -6.1046061038011712e-01  -1.6111989853113282e+00  -5.7732921215648514e-01  -1.8169464966248603e+00  -2.1418133647098925e+00   0.0000000000000000e+00   0.0000000000000000e+00   0.0000000000000000e+00
   1.7526117518541791e+00  -4.9170357636258616e-01  -1.5718291327152231e-01   3.8317756310390749e-01  -6.2053534866457927e-01  -1.5956856520163101e+00  -5.8751517116920915e-01  -1.8036017387887662e+00  -2.1323759552884112e+00   0.0000000000000000e+00   0.0000000000000000e+00   0.0000000000000000e+00
  -2.1605990799911798e+00   1.7691465456386319e+00  -1.3493452542745571e-01   3.9720472353083019e-01  -6.3069610018031230e-01  -1.5799627200497484e+00  -5.9766767180910885e-01  -1.7901690646345882e+00  -2.1227211474353669e+00   0.0000000000000000e+00   0.0000000000000000e+00   0.0000000000000000e+00
  -2.1496566184185881e+00   1.7855401366645314e+00  -1.1261727707617122e-01   4.1106023186539908e-01  -1.5640319569104855e+00  -6.0778408441828369e-01  -1.7766510896540539e+00  -2.1128497764795062e+00   0.0000000000000000e+00   0.0000000000000000e+00   0.0000000000000000e+00   0.0000000000000000e+00
  -2.1385427926672973e+00   1.8017904127643130e+00  -9.0234051947975000e-02   4.2474265420089735e-01  -1.5478951718715623e+00  -6.1786178096603961e-01  -1.7630504398621898e+00   0.0000000000000000e+00   0.0000000000000000e+00   0.0000000000000000e+00   0.0000000000000000e+00   0.0000000000000000e+00
  -2.1272601566395051e+00   1.8178952770387538e+00  -6.7787742907987336e-02   4.3825057687410313e-01  -1.5315542022828748e+00  -6.2789813944022665e-01  -1.7493697507440371e+00   0.0000000000000000e+00   0.0000000000000000e+00   0.0000000000000000e+00   0.0000000000000000e+00   0.0000000000000000e+00
  -2.1158112879509083e+00   1.8338526582226504e+00  -2.2758658487097074e+00  -4.5281257959056395e-02   4.5158263145375355e-01  -1.5150109292909730e+00  -6.3789054213268259e-01  -1.7356116675061444e+00   0.0000000000000000e+00   0.0000000000000000e+00   0.0000000000000000e+00   0.0000000000000000e+00
  -2.1041987891423508e+00   1.8496605161868873e+00  -2.2887150335637858e+00  -2.2717512797303361e-02   4.6473746778221364e-01  -1.4982672659122858e+00  -6.4783637427455221e-01  -1.7217788428998613e+00   0.0000000000000000e+00   0.0000000000000000e+00   0.0000000000000000e+00   0.0000000000000000e+00
  -2.0924252872672104e+00   1.8653168192202918e+00  -2.3013818089075482e+00  -9.9436588716516835e-05   4.7771377983256630e-01  -2.1300127178266086e+00  -1.4813251561140912e+00  -6.5773303143693351e-01  -1.7078739394465425e+00   0.0000000000000000e+00   0.0000000000000000e+00   0.0000000000000000e+00
  -2.0804934318556554e+00   1.8808195704388568e+00  -2.3138644749589456e+00   2.2570028805124237e-02   4.9051028338432656e-01  -2.1475991112937147e+00  -1.4641865868338417e+00  -6.6757791102878627e-01  -1.6938996260134014e+00   1.8784994827288011e+00   0.0000000000000000e+00   0.0000000000000000e+00
  -2.0684058961398568e+00   1.8961667931261483e+00  -2.3261613622572317e+00   4.5287937277383727e-02   5.0312573146726980e-01  -2.1650224749656344e+00  -1.4468535776791567e+00  -6.7736841895162847e-01  -1.6798585799148522e+00   1.8646880184641146e+00   5.0929815511072762e-01   7.3479296109095682e-01
  -2.0561653751936784e+00   1.9113565357977023e+00  -2.3382708255698312e+00   6.8051326104691778e-02   5.1555891116466412e-01  -2.1822801580456730e+00  -1.4293281817060892e+00  -6.8710196904628507e-01  -1.6657534844715618e+00   1.8507820209364869e+00   5.1468582132733209e-01   7.4384454634736485e-01
  -2.0437745868896178e+00   1.9263868737404386e+00  -2.3501912504253735e+00   5.2780864072933209e-01  -2.1993695331721810e+00  -1.4116124769893308e+00  -6.9677598007218089e-01  -1.6515870307503342e+00   1.8367841038478836e+00   5.1994688735999062e-01   7.5285347729164109e-01   0.0000000000000000e+00
  -2.0312362690550092e+00   1.9412559030048269e+00  -2.3619210448178980e+00   5.3987376508224871e-01  -2.2162879963751179e+00  -1.3937085950508346e+00  -7.0638788013601261e-01  -1.6373619145584120e+00   1.8226968905844525e+00   5.2507939982068863e-01   7.6181726388326909e-01   0.0000000000000000e+00
  -2.0185531808661246e+00   1.9559617489587513e+00  -2.3734586506072453e+00   5.5175317352113518e-01  -2.2330329716215833e+00  -1.3756186818235743e+00  -7.1593510635284585e-01  -1.6230808375966963e+00   1.8085230168522948e+00   5.3008142294908733e-01   7.7073342387855093e-01   0.0000000000000000e+00
  -2.0057281019011226e+00   1.9705025636344167e+00  -2.3848025348001314e+00   5.6344578141374235e-01  -2.2496019081954715e+00  -1.3573449205385775e+00  -7.2541510144030830e-01  -1.6087465057899692e+00   1.7942651241183505e+00   5.3495104289961715e-01   7.7959947833237309e-01   0.0000000000000000e+00
  -1.9927638307560649e+00   1.9848765198291565e+00  -2.3959511916096563e+00   1.6113849380829852e+00   5.7495053557558928e-01  -2.2659922796830649e+00  -1.3388895379347607e+00  -7.3482532214141927e-01  -1.5943616327710428e+00   1.7799258698069289e+00   5.3968637227628402e-01   7.8841295968918301e-01
  -1.9796631855583060e+00   1.9990818240354082e+00  -2.4069031458390766e+00   1.5960340107737250e+00   5.8626642127792028e-01  -2.2822015914229010e+00  -1.3202547783445899e+00  -7.4416323016267005e-01  -1.5799289317738026e+00   1.7655079121975255e+00   5.4428554028333531e-01   7.9717140158440203e-01
  -1.9664290022631283e+00   2.0131167043361939e+00  -2.4176569492736664e+00   1.5805068056977245e+00   5.9739245710838151e-01  -2.2982273692809883e+00  -1.3014429283433357e+00  -7.5342629854578003e-01  -1.5654511220091265e+00   1.7510139231469313e+00   5.4874670379557922e-01   8.0587235024597736e-01
  -1.9530641355429883e+00   2.0269794189476151e+00  -2.4282111849081827e+00   1.5648050307609944e+00   6.0832769207442450e-01  -2.3140671733740668e+00  -7.6261201206636109e-01  -1.5509309256593491e+00   1.7364465816244585e+00   5.5306803902416590e-01   8.1451335829775395e-01   0.0000000000000000e+00
  -1.9395714571747757e+00   2.0406682515592327e+00  -2.4385644628609784e+00   1.5489304295892183e+00  -2.3297185905596716e+00  -7.7171786308285517e-01  -1.5363710692093078e+00   1.7218085726808643e+00   5.5724774749686679e-01   8.2309198479554557e-01   0.0000000000000000e+00   0.0000000000000000e+00
  -1.9259538550433730e+00   2.0541815149586458e+00  -2.4487154233984665e+00   1.5328847704878747e+00  -5.9076478927499221e-01  -2.3451792337764732e+00   9.0709534357016341e-01  -7.8074135883235352e-01  -1.5217742781889907e+00   1.7071025898834702e+00   5.6128405326605679e-01   8.3160579979604099e-01
  -1.9122142336537480e+00   2.0675175522105755e+00  -2.4586627359509516e+00   1.5166698479909517e+00  -6.0271342071287992e-01  -2.3604467502165813e+00   8.9278235756781266e-01  -7.8968001364928642e-01  -1.5071432815517138e+00   1.6923313318881033e+00   5.6517520735957005e-01   8.4005238226030932e-01
  -1.8983555133853476e+00   2.0806747288314140e+00  -2.4684050978844456e+00   1.5002874869816860e+00  -6.1446377501424754e-01  -2.3755188114017609e+00   8.7855217027705257e-01  -7.9853136007559833e-01  -1.4924808106935878e+00   1.6774975047862681e+00   5.6891948429928396e-01   8.4842932192484011e-01
  -1.8843806284858411e+00   2.0936514436093359e+00  -2.4779412401134961e+00   1.4837395322512497e+00  -6.2601478219977003e-01  -2.3903931237999978e+00   8.6440699674960697e-01  -8.0729293845201711e-01  -1.4777895947836901e+00   1.6626038197408379e+00   5.7251518250859523e-01   8.5673421562966368e-01
  -1.8702925296162591e+00   2.1064461233420722e+00  -2.4872699199192447e+00   1.4670278620223465e+00  -6.3736540611076631e-01  -2.4050674212569234e+00   8.5034903322599942e-01  -8.1596230216534948e-01  -1.4630723675321788e+00   1.6476529927790786e+00   5.7596062413044469e-01   8.6496467319443615e-01
  -1.8560941792102639e+00   2.1190572242959584e+00  -2.4963899255182098e+00   1.4501543743182983e+00  -6.4851464712726226e-01  -2.4195394706761930e+00   8.3638045575087050e-01  -1.4483318572867965e+00   1.6326477460357940e+00   5.7925415972211913e-01   8.7311831406687834e-01   0.0000000000000000e+00
  -1.8417885543642241e+00  -2.5053000776874268e+00   1.4331209978775856e+00  -6.5946154074327357e-01  -2.4338070705257384e+00   8.2250341649464431e-01  -1.4335707987396977e+00   1.6175908038634037e+00   5.8239416459189020e-01   8.8119277064054613e-01   0.0000000000000000e+00   0.0000000000000000e+00
  -1.8273786439808115e+00   6.1720244857305639e-01  -2.5139992241302713e+00   1.4159296800905397e+00  -6.7020516306099731e-01  -2.4478680511861159e+00   8.0872004873950065e-01   1.6024848951838679e+00   5.8537904150308762e-01   8.8918568625432404e-01   0.0000000000000000e+00   0.0000000000000000e+00
  -1.8128674499978294e+00   6.0321386408334299e-01  -2.5224862452699748e+00   1.3985823981080590e+00  -6.8074462115960310e-01  -2.4617202747763258e+00   7.9503246287959151e-01   5.1543818666949636e-03   1.5873327539487629e+00   5.8820721773528839e-01   8.9709471568226828e-01   0.0000000000000000e+00
  -1.7982579834207149e+00   5.8933375146063227e-01  -2.5307600512017037e+00   1.3810811544260209e+00  -6.9107906258409579e-01  -2.4753616370776044e+00   7.8144274779925482e-01  -1.7236070047354970e-02   1.5721371134914226e+00   5.9087714644603773e-01   9.0491752627246169e-01   0.0000000000000000e+00
  -1.7835532709942119e+00   5.7556408194645414e-01  -2.5388195829394729e+00   1.3634279716472404e+00  -7.0120766376786936e-01  -2.4887900664500946e+00   7.6795296841030647e-01  -3.9665777478435457e-02   1.5569007136023343e+00   5.9338731177998638e-01   9.1265180008966107e-01   0.0000000000000000e+00
   5.6190680910772972e-01  -2.5466638134349346e+00   1.3456248997969462e+00  -7.1112964813208202e-01  -2.5020035270556940e+00   7.5456516809821306e-01  -6.2131797914184043e-02   1.5416262940521794e+00   5.9573622209741539e-01   9.2029523230078969e-01   0.0000000000000000e+00   0.0000000000000000e+00
   5.4836386148247407e-01  -2.5542917451886717e+00   1.3276740108363645e+00  -7.2084427011303898e-01  -2.5150000153783445e+00   7.4128136865933159e-01   1.9989597237989243e+00  -8.4631184887686964e-02   1.5263165939992265e+00   5.9792241413888958e-01   9.2784552970271328e-01   0.0000000000000000e+00
   5.3493714170373308e-01  -2.5617024125408339e+00   1.3095774012187384e+00  -7.3035081928685031e-01  -2.5277775610106863e+00   7.2810356304278478e-01   1.9835485042887075e+00  -1.0716097963819268e-01   1.5109743581297908e+00   5.9994445319652301e-01   9.3530041515529250e-01   0.0000000000000000e+00
   5.2162854019011762e-01   1.2913371900439592e+00  -7.3964862642300566e-01  -2.5403342326481089e+00   7.1503372635983298e-01   1.9679387950371234e+00  -1.2971821596451796e-01   1.4956023280408941e+00   6.0180093274695778e-01   9.4265762657835150e-01   0.0000000000000000e+00   0.0000000000000000e+00
   3.7984705875449526e-01   5.0843990974146203e-01   1.2729555174575451e+00  -7.4873705648654121e-01  -2.5526681303529406e+00   7.0207380815315124e-01   1.9521325420593310e+00  -1.5229991956867805e-01   1.4802032484523855e+00   6.0349047545033974e-01   9.4991491518311277e-01   0.0000000000000000e+00
   3.8779996216779211e-01   4.9537309163391113e-01   9.4056898105427422e-01   1.2544345485207895e+00  -7.5761551295724128e-01  -2.5647773921498986e+00   6.8922573284677968e-01   1.9361317197562629e+00  -1.7490311380195572e-01   1.4647798615266856e+00   6.0501173102402783e-01   9.5707004889889402e-01
   3.9591589568789370e-01   4.8242989114997209e-01   9.5338258692483824e-01   1.2357764675339937e+00  -7.6628343527150200e-01   6.7649139663150748e-01   1.9199383353676578e+00  -1.9752480500672739e-01   1.4493349083401859e+00   6.0636337973624010e-01   9.6412081158947993e-01   0.0000000000000000e+00
   4.0419358717288184e-01   4.6961210046858537e-01   9.6623088632656340e-01   1.2169834843377167e+00  -7.7474029995959204e-01   6.6387268024175683e-01   1.9035544347179874e+00  -2.2016200665240970e-01   1.4338711295734872e+00   6.0754413190573231e-01   9.7106500327750533e-01   0.0000000000000000e+00
   4.1263172972690770e-01   4.5692148122269927e-01   9.7911118378840989e-01   1.1980578253642347e+00  -7.8298562425169360e-01   6.5137143019079902e-01   1.8869820821440921e+00  -2.4281171634144130e-01   1.4183912648733650e+00   6.0855272399017157e-01   9.7790043845691166e-01   0.0000000000000000e+00
   4.2122898441255352e-01   4.4435976869743743e-01   9.9202076847839193e-01   1.1790017391565710e+00  -7.9101895803069955e-01  -1.6457429336842362e+00   6.3898947031922138e-01   1.8702233835334972e+00  -2.6547093342929273e-01   1.4028980526824872e+00   6.0938792843783240e-01   9.8462495222089996e-01
   4.2998398410904959e-01   4.3192867467858870e-01   1.0049569250728470e+00   1.1598174992883781e+00  -7.9883988918029047e-01  -1.6397775810828528e+00   6.2672860131228370e-01   1.8532804696995453e+00  -2.8813665173397113e-01   1.3873942249438997e+00   6.1004854084778759e-01   9.9123639301150990e-01
   4.3889532384200730e-01   4.1962988735136714e-01   1.0179169278740545e+00   1.1405073906172010e+00  -8.0644804834398909e-01  -1.6336489925765632e+00   6.1459059424596862e-01   1.8361554967450782e+00  -3.1080585884773859e-01   1.3718825129700798e+00   9.9773263173163929e-01   0.0000000000000000e+00
   4.4796157338540321e-01   4.0746506547265166e-01   1.0308980411293234e+00   1.1210737293303166e+00  -8.1384309505837060e-01  -1.6273591073148450e+00   6.0257719627023709e-01   1.8188506614314717e+00  -3.3347553959876902e-01   1.3563656472489258e+00   1.0041115532022056e+00   0.0000000000000000e+00
   4.5718126831626960e-01   3.9543584436872786e-01   1.0438975221095805e+00   1.1015188431422049e+00  -8.2102473239802154e-01  -1.6209098915919373e+00   5.9069012557168865e-01   1.8013681793925016e+00  -3.5614267869169108e-01   1.3408463488868259e+00   1.0103710630697336e+00   0.0000000000000000e+00
   4.6655291519159892e-01   3.8354382856442648e-01   1.0569126214120568e+00   1.0818450802214863e+00  -8.2799270125906765e-01  -1.6143033362593380e+00   5.7893108111990943e-01   1.7837103009462185e+00  -3.7880425777259963e-01   1.3253273384401030e+00   4.3857302165830053e-01   0.0000000000000000e+00
   4.7607498830190464e-01   3.7179060156389682e-01   1.0699405803992275e+00   1.0620548045564382e+00  -8.3474677601566205e-01  -1.6075414576875551e+00   5.6730172027208248e-01   1.7658792984860838e+00  -4.0145725694464640e-01   1.3098113282946517e+00   4.3346093428643323e-01   1.5375324619079738e+00
   4.8574593471899752e-01   3.6017771538947241e-01   1.0829786354566251e+00   1.0421504077543211e+00  -8.4128677075364156e-01  -1.6006262955176631e+00   5.5580368778960065e-01   1.7478774781564723e+00  -4.2409865135427977e-01   1.2943010317596448e+00   4.2815046316393812e-01   1.5253872281267167e+00
   4.9556416856552976e-01   3.4870669848210201e-01   1.0960240146082194e+00   1.0221342908406921e+00  -8.4761253990175733e-01  -1.5935599146725503e+00   5.4443859415921614e-01   1.7297071710313932e+00  -4.4672542314987324e-01   4.2264156877067355e-01   1.5131653195173844e+00   0.0000000000000000e+00
   3.3737904788056455e-01   1.1090739429534153e+00   1.0020088743931113e+00  -1.5863444054788620e+00   5.3320802213419483e-01   1.7113707313332325e+00  -4.6933455140528330e-01   1.6755356762035782e+00   4.1693424609799268e-01   1.5008694294009430e+00   0.0000000000000000e+00   0.0000000000000000e+00
   3.2619623470637277e-01   1.1221256393502783e+00   9.8177660034215875e-01  -1.5789818803241471e+00   5.2211352768791353e-01   1.6928705475636316e+00  -4.9192301363493529e-01   1.6679287115500288e+00   4.1102852812632173e-01   1.4885022572195650e+00   0.0000000000000000e+00   0.0000000000000000e+00
   3.1515970214240635e-01   1.1351763164245896e+00   9.6143992217672114e-01  -1.5714744759126762e+00   5.1115663897989638e-01   1.6742090281229567e+00  -5.1448778704836173e-01   1.6601607121068034e+00   4.0492448490930377e-01   1.4760665134449344e+00   0.0000000000000000e+00   0.0000000000000000e+00
   3.0427085946567906e-01   1.1482231826137710e+00   9.4100130976832541e-01  -1.5638243495943398e+00   5.0033885244272247e-01   1.6553886090671071e+00  -5.3702585988212059e-01   1.6522338366584193e+00   3.9862221672355275e-01   1.4635649140527633e+00   0.0000000000000000e+00   0.0000000000000000e+00
   2.9353110382776637e-01   1.1612634462728508e+00  -1.5560336863394972e+00   4.8966164224486525e-01   1.6364117540881276e+00  -5.5953421449532326e-01   1.6441502689193646e+00   3.9212186599821364e-01   1.4510001820377822e+00   0.0000000000000000e+00   0.0000000000000000e+00   0.0000000000000000e+00
   2.8294178208870951e-01   1.1742943081227768e+00  -1.5481046840501367e+00   4.7912644710083596e-01   1.6172809479126853e+00  -5.8200983559231612e-01   1.6359122144552471e+00   3.8542360766629058e-01   1.4383750465510772e+00   0.0000000000000000e+00   0.0000000000000000e+00   0.0000000000000000e+00
  -1.2397933301010939e+00   2.7250422516558886e-01   1.1873129659591710e+00  -1.5400395749756930e+00   4.6873468022795800e-01   1.5979986957461230e+00  -6.0444971966004568e-01   1.6275219059588051e+00   3.7852765112914255e-01   1.4256922444751483e+00   0.0000000000000000e+00   0.0000000000000000e+00
  -1.2508790724692553e+00   2.6221973573059887e-01   1.2003166191620986e+00  -2.4236148950519083e+00  -1.5318406004027809e+00   1.5785675401612962e+00  -6.2685085461817036e-01   1.6189815939730396e+00   3.7143424893381211e-01   1.4129545144066313e+00   0.0000000000000000e+00   0.0000000000000000e+00
  -1.2619089464398494e+00   1.2133024629736533e+00  -2.4133659350947814e+00  -1.5235100293275714e+00   1.5589900358966886e+00  -6.4921024725713061e-01   1.6102935566318846e+00   3.6414368085950560e-01   1.4001646039684281e+00   0.0000000000000000e+00   0.0000000000000000e+00   0.0000000000000000e+00
  -1.2728803496656811e+00   1.2262676874673308e+00  -2.4029135573384965e+00  -1.1718691089520612e+00  -1.5150501504008738e+00   1.5392687615123102e+00  -6.7152490001451348e-01   1.6014600932139340e+00   3.5665626995009347e-01   1.3873252607275941e+00   0.0000000000000000e+00   0.0000000000000000e+00
  -1.2837906885534838e+00   1.2392094899550332e+00  -2.3922591031062250e+00  -1.1855098878317170e+00  -1.5064632711912087e+00   1.5194063225139405e+00   1.5924835236500943e+00   1.3744392407823844e+00   0.0000000000000000e+00   0.0000000000000000e+00   0.0000000000000000e+00   0.0000000000000000e+00
  -1.2946373734968597e+00   1.2521250615564292e+00  -2.3814039459411895e+00  -1.1991653356022993e+00  -1.4977517195064913e+00   1.1976764665345676e+00   1.4994053424784581e+00   1.5833661913123536e+00   1.3615093005516323e+00   0.0000000000000000e+00   0.0000000000000000e+00   0.0000000000000000e+00
  -1.3054178226482185e+00  -1.1952918207463685e+00   1.2650115938968287e+00  -2.3703494839635693e+00  -1.2128327581770992e+00  -1.4889178409181696e+00   1.2187770388197268e+00   1.4792684722650840e+00   1.5741104596111739e+00   1.3485382007557158e+00   0.0000000000000000e+00   0.0000000000000000e+00
  -1.3161294627650117e+00  -1.1751611715581387e+00   1.2778662804879819e+00  -2.3590971450802987e+00  -1.2265094594248398e+00  -1.4799640027890608e+00   1.2397689420076123e+00   1.4589983755555143e+00   1.5647187145557153e+00   1.3355287056386502e+00   0.0000000000000000e+00   0.0000000000000000e+00
  -1.3267697264730594e+00  -1.1549230187779878e+00   1.2906863148937764e+00  -2.3476483941474076e+00  -1.2401927362697811e+00  -1.4708925869805616e+00   1.2606494443088128e+00   1.4385977442049473e+00   1.5551933587692728e+00   1.3224835784822875e+00   0.0000000000000000e+00   0.0000000000000000e+00
  -1.3373360554360745e+00  -1.1345799318563645e+00   1.3034688945921846e+00  -2.3360047144649845e+00  -1.2538798770174744e+00  -1.4617059967222228e+00   1.2814158396138755e+00   1.5455368188735230e+00   1.3094055858913534e+00   0.0000000000000000e+00   0.0000000000000000e+00   0.0000000000000000e+00
  -1.3478259013871687e+00  -1.1141344878280608e+00   1.3162112147351435e+00  -2.3241676208482209e+00  -1.2675681699928756e+00  -1.4524066509972495e+00   1.3020654364640276e+00   1.5357515397434649e+00   1.2962974983936293e+00   0.0000000000000000e+00   0.0000000000000000e+00   0.0000000000000000e+00
  -1.3582367221211133e+00  -1.0935892936512011e+00   1.3289104782994263e+00  -2.3121386597444809e+00  -1.2812548960034651e+00  -1.4429969854654008e+00   1.3225955587606151e+00   1.5258399842125490e+00   1.2831620809508069e+00   0.0000000000000000e+00   0.0000000000000000e+00   0.0000000000000000e+00
  -1.3685659889562463e+00  -1.0729469675734613e+00   1.3415638867962061e+00  -2.2999194007822608e+00  -1.2949373316280126e+00  -1.4334794528346384e+00   1.3430035523660782e+00   1.5158046350220380e+00   1.2700021032302662e+00   0.0000000000000000e+00   0.0000000000000000e+00   0.0000000000000000e+00
  -1.3788111800996585e+00  -1.0522101442977754e+00   1.3541686462868070e+00  -2.2875114452793128e+00  -1.3086127522161835e+00  -1.4238565241806032e+00   1.3632867846277432e+00  -1.6921204981533086e-01   1.5056479948393329e+00   1.2568203354362322e+00   0.0000000000000000e+00   0.0000000000000000e+00
  -1.3889697859437915e+00  -1.0313814775214987e+00   1.3667219699628290e+00  -2.2749164200462846e+00  -1.3222784265190428e+00  -1.4141306822769852e+00   1.3834426414178318e+00  -1.4497277081661453e-01   1.4953725797397233e+00   1.2436195421049110e+00   0.0000000000000000e+00   0.0000000000000000e+00
  -1.3990393080825583e+00  -1.0104636302823635e+00  -2.2621359782565333e+00  -1.3359316255332800e+00  -1.4043044267250828e+00   1.4034685227257864e+00  -1.2071080888971220e-01   1.4849809265360645e+00   1.2304024914721847e+00   0.0000000000000000e+00   0.0000000000000000e+00   0.0000000000000000e+00
  -1.4090172563361103e+00  -9.8945928445344478e-01  -2.2491717998150937e+00  -1.3495696134945654e+00  -1.3943802736751143e+00   1.4233618607347462e+00  -9.6429449564309863e-02   1.4744755886812848e+00   1.2171719472733178e+00   0.0000000000000000e+00   0.0000000000000000e+00   0.0000000000000000e+00
  -1.4189011559731790e+00  -9.6837113571426015e-01  -2.2360255923557255e+00  -1.3631896556127383e+00  -1.3843607502368296e+00   1.4431201022521700e+00  -7.2131981284029006e-02   1.4638591358163724e+00   1.2039306714035041e+00   0.0000000000000000e+00   0.0000000000000000e+00   0.0000000000000000e+00
  -1.4286885441905517e+00  -9.4720189702132496e-01  -2.2226990879139983e+00  -1.3767890172547759e+00  -1.3742484019761791e+00   1.4627407142214306e+00  -4.7821702376695467e-02   1.4531341539133138e+00   1.1906814243830102e+00   0.0000000000000000e+00   0.0000000000000000e+00   0.0000000000000000e+00
  -1.4383769672724678e+00  -9.2595429167277266e-01  -2.2091940485889801e+00  -1.3903649579891355e+00  -1.3640457824576577e+00   1.4822211916146997e+00  -2.3501907133849847e-02   1.4423032432975487e+00   0.0000000000000000e+00   0.0000000000000000e+00   0.0000000000000000e+00   0.0000000000000000e+00
  -1.4479639881720325e+00  -9.0463105161876523e-01  -2.1955122537447789e+00  -1.4039147405654260e+00  -1.3537554633171340e+00   1.5015590457693275e+00   8.2410957829089407e-04   1.4313690220095969e+00   0.0000000000000000e+00   0.0000000000000000e+00   0.0000000000000000e+00   0.0000000000000000e+00
  -1.4574471832331601e+00  -8.8323493155424115e-01  -7.2803699022046930e-01  -2.1816555188891482e+00  -1.4174356299900912e+00  -1.3433800241548031e+00   1.5207518158651216e+00   2.5153046182969232e-02   1.4203341197251684e+00   0.0000000000000000e+00   0.0000000000000000e+00   0.0000000000000000e+00
  -1.4668241399909188e+00  -8.6176869284786051e-01  -7.1569026201447328e-01  -2.1676256762554793e+00  -1.4309248886129828e+00  -1.3329220598899159e+00   1.5397970608128184e+00   4.9481605496156267e-02   1.4092011830743338e+00   0.0000000000000000e+00   0.0000000000000000e+00   0.0000000000000000e+00
  -1.4760924625371235e+00  -8.4023510676351842e-01  -7.0345292664537384e-01  -2.1534245860856576e+00  -1.4443797803757710e+00  -1.3223841756075867e+00   1.5586923652837910e+00   7.3806485023831858e-02   9.0010820105766032e-01   0.0000000000000000e+00   0.0000000000000000e+00   0.0000000000000000e+00
  -1.4852497671560940e+00  -8.1863695913903278e-01  -6.9132704664146427e-01  -2.1390541308093636e+00  -1.4577975732680541e+00  -1.3117689874765444e+00   1.5774353394083467e+00   9.8124391520596474e-02   8.9899412649449584e-01  -1.0105828684573872e+00   0.0000000000000000e+00   0.0000000000000000e+00
  -1.4942936898587038e+00  -7.9697704747980591e-01  -6.7931466190874334e-01  -2.1245162219716160e+00  -1.4711755356727372e+00   1.5960236128886161e+00   1.2243202532977773e-01   8.9769843107343683e-01  -9.9504087484793691e-01   0.0000000000000000e+00   0.0000000000000000e+00   0.0000000000000000e+00
  -1.5032218792687333e+00  -7.7525817715572010e-01  -6.6741778783443861e-01  -2.1098127907327320e+00  -1.4845109374294492e+00   1.6144548471030880e+00   1.4672609043124102e-01   8.9622233131633833e-01  -9.7955869735340761e-01   0.0000000000000000e+00   0.0000000000000000e+00   0.0000000000000000e+00
  -1.5120319981931156e+00  -7.5348316106273550e-01  -6.5563841447912896e-01  -2.0949457870182293e+00  -1.4978010532798958e+00   1.6327267226332105e+00   1.7100329389560326e-01   8.9456707483823672e-01  -9.6413913797678996e-01   0.0000000000000000e+00   0.0000000000000000e+00   0.0000000000000000e+00
  -1.5207217283819754e+00  -7.3165483054659908e-01  -6.4397850987015548e-01  -2.0799171948710655e+00  -1.5110431607105534e+00   1.6508369499527082e+00   1.9526034918236912e-01   8.9273394195440103e-01  -9.4878497903123216e-01   0.0000000000000000e+00   0.0000000000000000e+00   0.0000000000000000e+00
  -1.5292887681074108e+00  -7.0977601624625519e-01  -6.3244001762815383e-01  -2.0647290151475373e+00  -1.5242345435576452e+00  -2.6390651553488986e+00   1.6687832648602348e+00   2.1949396664265602e-01   8.9072424310531473e-01  -6.5710126494758414e-01  -9.3349898322557279e-01  -1.0854571889301066e+00
  -1.5377308332492556e+00  -6.8784955895056543e-01  -6.2102485494440951e-01  -2.0493832692082750e+00  -1.5373724858400639e+00  -2.6346448037477699e+00   1.6865634270568555e+00   2.4370086741487887e-01   8.8853931366714767e-01  -6.7223788561644093e-01  -9.1828390116783265e-01  -1.0846282705483359e+00
  -1.5460456554093314e+00  -6.6587831396933950e-01  -6.0973490739063030e-01  -2.0338820046640897e+00  -1.5504542806698438e+00  -2.6300021621215728e+00   1.7041752271639972e+00   2.6787777073478275e-01   8.8618052632793909e-01  -6.8747975228903480e-01  -9.0314245269126547e-01  -1.0835961213123495e+00
  -1.5542309848874343e+00  -6.4386513697435910e-01  -5.9857204913711481e-01  -2.0182272857600392e+00  -1.5634772235596388e+00  -2.6251380068438852e+00   1.7216164806026719e+00   2.9202140956706446e-01   8.8364928069783089e-01  -7.0282452590847055e-01  -8.8807734581106190e-01  -1.0823598249260988e+00
  -1.5622845923223447e+00  -6.2181289588402422e-01  -5.8753811885022067e-01  -2.0024212060990449e+00  -1.5764386196224873e+00  -2.6200531452819793e+00   3.1612851443097550e-01   8.8094700648395186e-01  -7.1826984651379711e-01  -8.7309126351420963e-01  -1.0809185031059858e+00   0.0000000000000000e+00
  -1.5702042642161644e+00  -5.9972445972491795e-01  -5.7663492278051565e-01  -1.9864658687723871e+00  -1.5893357753128603e+00  -2.6147484115144968e+00  -2.8506556865022881e+00   3.4019582961117395e-01   8.7807516100468463e-01  -7.3381333230147661e-01  -8.5818687193531751e-01  -1.0792713058212724e+00
  -5.7760270358908516e-01  -5.6586425178710786e-01  -1.9703634120462155e+00  -1.6021660091986363e+00  -2.6092246778875579e+00  -2.8489741136097413e+00   3.6422009930089405e-01   8.7503523463775434e-01  -7.4945257833066248e-01  -8.4336681049308182e-01  -1.0774174245792980e+00   0.0000000000000000e+00
  -5.5545051732888640e-01  -5.5522786809009783e-01  -1.9541159810979707e+00  -2.6034828412965512e+00  -2.8470283178084297e+00   3.8819808209800699e-01   8.7182874085515094e-01  -7.6518516182683327e-01  -8.2863370195738850e-01  -1.0753560801132622e+00   0.0000000000000000e+00   0.0000000000000000e+00
