   4.8157161338247372e+00
   5.2240383406999662e+00
   5.6070267146368202e+00
   5.9627676748866216e+00
   6.2894761550804263e+00
   6.5855021603526414e+00
   6.8493419137838121e+00
   7.0796468985308030e+00
   7.2752304602519233e+00
   7.4350813118322456e+00
   7.5583683652026865e+00
   7.6444420456294386e+00
   7.6928435737353338e+00
   7.7033053440856971e+00
   7.6757518348313774e+00
   7.6103039191969106e+00
   7.5072784692780958e+00
   7.3671874798140840e+00
   7.1907305934790307e+00
   6.9788030368291336e+00
   6.7324743861938652e+00
   6.4529786476607240e+00
   6.1417233694889459e+00
   5.8002755952045213e+00
   5.4303436064220083e+00
   5.0337774598483502e+00
   4.6125589222069117e+00
   4.1687880512931903e+00
   3.7046680145027397e+00
   3.2224933988705033e+00
   2.7246378825404727e+00
   2.2135477438250288e+00
   1.6917303202522531e+00
   1.1617406049288259e+00
   6.2616929137585409e-01
   8.7628688731280699e-02
  -4.5125291787904004e-01
  -9.8784972831762341e-01
  -1.5195493799989128e+00
  -2.0437606235012478e+00
  -2.5579309118694682e+00
  -3.0595516070025206e+00
  -3.5461724538652937e+00
  -4.0154158930960193e+00
  -4.4649855164886176e+00
  -4.8926761532389067e+00
  -5.2963792409582462e+00
  -5.6741063529606821e+00
  -6.0240053379055389e+00
  -6.3443545267998056e+00
  -6.6335467823518632e+00
  -6.8901324675812914e+00
  -7.1128653358047762e+00
  -7.3006346548784542e+00
  -7.4525087390057507e+00
  -7.5677496765193286e+00
  -7.6457926962546265e+00
  -7.6862618988120897e+00
  -7.6889757683942062e+00
  -7.6539391226415043e+00
  -7.5813445195284324e+00
  -7.4715756572965395e+00
  -7.3252006772042844e+00
  -7.1429700468105386e+00
  -6.9258121467132110e+00
  -6.6748290322176995e+00
  -6.3912861031168706e+00
  -6.0766059893746771e+00
  -5.7323601787247034e+00
  -5.3602559346501977e+00
  -4.9621287546007178e+00
  -4.5399402205501067e+00
  -4.0957595269914746e+00
  -3.6317528432977841e+00
  -3.1501754211645561e+00
  -2.6533562927668273e+00
  -2.1436948412341530e+00
  -1.6236526734962737e+00
  -1.0957301296903303e+00
  -5.6246429797418729e-01
  -2.6418048821160830e-02
   5.0983969668026585e-01
   1.0437319994627985e+00
   1.5726980850458743e+00
   2.0941894375796597e+00
   2.6056813324294810e+00
   3.1046959524386599e+00
   3.5888107943759366e+00
   4.0556632721228159e+00
   4.5029644569593934e+00
   4.9285101949637165e+00
   5.3301941685583696e+00
   5.7060166589283918e+00
   6.0540979090793403e+00
   6.3726877993304045e+00
   6.6601740093821284e+00
   6.9150934603818879e+00
   7.1361405447351416e+00
   7.3221748766085275e+00
   7.4722297933424144e+00
   7.5855214170203995e+00
   7.6614503898988913e+00
   7.6996091414777572e+00
   7.6997836769004024e+00
   7.6619542646514578e+00
   7.5862957330275016e+00
   7.4731805096433623e+00
   7.3231719666417741e+00
   7.1370216570151923e+00
   6.9156662375757705e+00
   6.6602217423684857e+00
   6.3719729425244473e+00
   6.0523690186888626e+00
   5.7030147409136198e+00
   5.3256618638559132e+00
   4.9222011117654816e+00
   4.4946420657707007e+00
   4.0451104087485961e+00
   3.5758338217841095e+00
   3.0891325036172481e+00
   2.5874112746637992e+00
   2.0731382148443562e+00
   1.5488341611001688e+00
   1.0170592309930400e+00
   4.8041093076283914e-01
  -5.8491205801772042e-02
  -5.9702002595268000e-01
  -1.1325524962686686e+00
  -1.6624769163660007e+00
  -2.1842155779068499e+00
  -2.6952268915217412e+00
  -3.1930170989072835e+00
  -3.6751552142096928e+00
  -4.1392836546549310e+00
  -4.5831291992910312e+00
  -5.0045111120533923e+00
  -5.4013563150142962e+00
  -5.7717122216610584e+00
  -6.1137529989096020e+00
  -6.4257908615121275e+00
  -6.7062673087467664e+00
  -6.9537910338183977e+00
  -7.1671399743940531e+00
  -7.3452599835275256e+00
  -7.4872715410250015e+00
  -7.5924782808177813e+00
  -7.6603663983653449e+00
  -7.6906139267430973e+00
  -7.6830889833339464e+00
  -7.6378464299123765e+00
  -7.5551305940303601e+00
  -7.4353776532800726e+00
  -7.2792065298151298e+00
  -7.0874177157201288e+00
  -6.8609875048873672e+00
  -6.6010640164717485e+00
  -6.3089511987519522e+00
  -5.9861081858009433e+00
  -5.6341455592907952e+00
  -5.2548094655521460e+00
  -4.8499720838356470e+00
  -4.4216210547010482e+00
  -3.9718532633207939e+00
  -3.5028630278686190e+00
  -3.0169266004237207e+00
  -2.5163942993008557e+00
  -2.0036782752563123e+00
  -1.4812480605829290e+00
  -9.5162211550773046e-01
  -4.1734392608161752e-01
   1.1902438478263837e-01
   6.5490650076134227e-01
   1.1877335385374699e+00
   1.7149392584736194e+00
   2.2339808350428578e+00
   2.7423472973238101e+00
   3.2375768525458977e+00
   3.7172612043415900e+00
   4.1790568571496998e+00
   4.6206951324349390e+00
   5.0399945142437623e+00
   5.4348760346143701e+00
   5.8033717402485454e+00
   6.1436364113331470e+00
   6.4539553505044509e+00
   6.7327541219713343e+00
   6.9786123457072593e+00
   7.1902698341788227e+00
   7.3666329576778553e+00
   7.5067847882657990e+00
   7.6099914049571762e+00
   7.6757028891213386e+00
   7.7035622074111645e+00
   7.6934067965798985e+00
   7.6452711246674783e+00
   7.5593844182800929e+00
   7.4361716938209304e+00
   7.2762481941474713e+00
   7.0804174879482318e+00
   6.8496638082254320e+00
