  -3.2178846514954365e+00   5.4940779018278685e-01  -2.7301651390106700e+00   2.6333477430025587e-01  -1.4569967445485090e+00   1.2678838944677755e+00   2.5060903436007784e+00  -1.0897246053884515e+00   2.9226386890195792e+00   0.0000000000000000e+00   0.0000000000000000e+00   0.0000000000000000e+00
  -3.2139868932596594e+00  -2.7151489674366345e+00   2.9034435316171348e-01  -1.4317481930210387e+00   1.2940140051678224e+00   2.5228236791473519e+00  -1.0644971812969135e+00   2.9295079519945366e+00   0.0000000000000000e+00   0.0000000000000000e+00   0.0000000000000000e+00   0.0000000000000000e+00
  -3.2098433902871126e+00  -2.6999233059531624e+00   3.1733297042567316e-01  -1.4063845679690332e+00   1.3200428365535530e+00   2.5393624002904263e+00  -1.0391866478000777e+00   2.9361509153965022e+00   0.0000000000000000e+00   0.0000000000000000e+00   0.0000000000000000e+00   0.0000000000000000e+00
  -3.2054545201828635e+00  -2.6844894051982267e+00   3.4429860901579279e-01  -1.3809078231121119e+00   1.3459682361252325e+00   2.5557053061381803e+00  -1.0137948346185330e+00   2.9425669408675454e+00   0.0000000000000000e+00   0.0000000000000000e+00   0.0000000000000000e+00   0.0000000000000000e+00
  -3.2008206743613181e+00  -2.6688485326635307e+00   3.7123924643527806e-01  -1.3553199296554506e+00   1.3717880461798164e+00   2.5718512033906888e+00  -9.8832358172708412e-01   2.9487554099943871e+00   0.0000000000000000e+00   0.0000000000000000e+00   0.0000000000000000e+00   0.0000000000000000e+00
  -3.1959422675419962e+00  -2.6530019722589731e+00   3.9815287126356058e-01  -1.3296228569664721e+00   1.3975001267291429e+00   2.5877989228810216e+00  -9.6277473491077936e-01   2.9547157215926316e+00   0.0000000000000000e+00   0.0000000000000000e+00   0.0000000000000000e+00   0.0000000000000000e+00
  -3.1908197320785523e+00  -2.6369510225191823e+00   4.2503746485770472e-01  -1.3038185931291346e+00   1.4231023503350273e+00   2.6035473071883715e+00  -9.3715014341894309e-01   2.9604472923255769e+00   0.0000000000000000e+00   0.0000000000000000e+00   0.0000000000000000e+00   0.0000000000000000e+00
  -3.1854535184089712e+00  -1.8088594334808461e+00  -2.6206970023761169e+00   4.5189101756534433e-01  -1.2779091289336679e+00   1.4485925876045820e+00   2.6190952178670579e+00  -9.1145166320243509e-01   2.9659495575198678e+00   0.0000000000000000e+00   0.0000000000000000e+00   0.0000000000000000e+00
  -3.1798440951903886e+00  -1.8320582136047090e+00  -2.6042412421821921e+00   4.7871151630943098e-01  -1.2518964751988653e+00   1.4739687319061159e+00   2.6344415253750504e+00  -8.8568115810761483e-01   2.9712219702467024e+00   0.0000000000000000e+00   0.0000000000000000e+00   0.0000000000000000e+00
  -3.1739919505265788e+00  -1.8551173697549919e+00  -2.5875850893023995e+00   1.3609594085984167e+00   5.0549695512295956e-01   1.4992286736076645e+00   2.6495851238530714e+00  -8.5984049860602896e-01   2.9762640029497587e+00   0.0000000000000000e+00   0.0000000000000000e+00   0.0000000000000000e+00
  -3.1678975894016861e+00  -1.8780350953448635e+00  -2.5707299078352408e+00   1.3356994861241653e+00   5.3224532662433899e-01   1.5243703214829134e+00   2.6645249173192953e+00  -8.3393156053370399e-01   2.5370592602795399e+00   2.9810751452994926e+00   0.0000000000000000e+00   0.0000000000000000e+00
  -3.1615615363595668e+00  -1.9008095831130876e+00  -2.5536770750830149e+00   1.3103409530966534e+00   5.5895462654136796e-01   1.5493915918970085e+00   2.6792598280770878e+00   2.5206063766348339e+00   2.9856549065136968e+00   0.0000000000000000e+00   0.0000000000000000e+00   0.0000000000000000e+00
  -3.1549843329182319e+00  -1.9234390474143706e+00  -2.5364279872940649e+00   1.2848858035923116e+00   5.8562285313363016e-01  -2.0156604053342736e-01   1.5742904117014862e+00   2.6937887936005267e+00   2.5039716515552723e+00   2.9900028141243640e+00   0.0000000000000000e+00   0.0000000000000000e+00
  -3.1481665396502092e+00  -1.9459217057588432e+00  -2.5189840511078567e+00   1.2593360380572538e+00   6.1224800611478059e-01  -2.2998958853913140e-01   1.5990647153097188e+00   2.7081107686158616e+00   2.4871563334837101e+00   2.9941184142970871e+00   0.0000000000000000e+00   0.0000000000000000e+00
  -3.1411087349985900e+00  -1.9682557941278265e+00  -2.5013466927499266e+00   1.2336936608502893e+00   6.3882809267560448e-01  -2.5840370395552442e-01   2.7222247224789089e+00   2.4701616826572343e+00   2.9980012717767193e+00   0.0000000000000000e+00   0.0000000000000000e+00   0.0000000000000000e+00
  -3.1338115158841573e+00  -1.9904395581398735e+00  -2.4835173497935017e+00   1.2079606895839949e+00   6.6536111644047580e-01  -2.8680619189211065e-01   2.7361296416342209e+00   2.4529889716808500e+00   3.0016509702933489e+00   0.0000000000000000e+00   0.0000000000000000e+00   0.0000000000000000e+00
  -3.1262754965925579e+00  -2.0124712474207636e+00  -2.4654974776660992e+00   1.1821391402248846e+00  -3.1519484996465935e-01   2.7498245281126454e+00   2.4356394803749679e+00   3.0050671131774753e+00   0.0000000000000000e+00   0.0000000000000000e+00   0.0000000000000000e+00   0.0000000000000000e+00
  -3.1185013093984444e+00  -2.0343491311465867e+00  -2.4472885450816282e+00   1.1562310370847113e+00  -3.4356747608956534e-01   2.7633083989903655e+00   2.4181144990519057e+00   3.0082493215688730e+00   0.0000000000000000e+00   0.0000000000000000e+00   0.0000000000000000e+00   0.0000000000000000e+00
  -3.1104896040045231e+00  -2.0560714846992574e+00  -2.4288920332792827e+00   1.1302384088385711e+00  -3.7192186937925986e-01  -5.5043995178406202e-01   2.7765802887881881e+00   2.4004153327294575e+00   3.0111972363676962e+00   0.0000000000000000e+00   0.0000000000000000e+00   0.0000000000000000e+00
  -3.1022410497997388e+00  -2.0776366045420946e+00  -2.4103094425891691e+00   1.1041632924884712e+00  -4.0025581893545203e-01  -5.7757837385828992e-01   2.7896392504629932e+00   2.3825432914915270e+00   3.0139105175449532e+00   0.0000000000000000e+00   0.0000000000000000e+00   0.0000000000000000e+00
  -3.0937563330279807e+00  -2.0990427852910862e+00  -2.3915422844979384e+00   1.0780077317984496e+00  -4.2856712471886177e-01  -6.0466475144729570e-01   2.8024843500198586e+00   2.3644996996064820e+00   3.0163888441348958e+00   0.0000000000000000e+00   0.0000000000000000e+00   0.0000000000000000e+00
  -3.0850361551528276e+00  -2.1202883460748958e+00  -2.3725920816363262e+00   1.0517737600396608e+00  -4.5685358115678287e-01  -6.3169692213997330e-01   2.8151146712899671e+00   2.3462858863838694e+00   3.0186319146467255e+00   0.0000000000000000e+00   0.0000000000000000e+00   0.0000000000000000e+00
  -3.0760812382265614e+00  -2.1413716118520338e+00  -2.3534603784305190e+00   1.0254634347063356e+00  -4.8511298162925376e-01  -6.5867272094328966e-01   2.8275293149009220e+00   2.3279031947661091e+00   3.0206394466522006e+00   0.0000000000000000e+00   0.0000000000000000e+00   0.0000000000000000e+00
  -3.0668923205009735e+00  -2.1622909194823241e+00   9.9907880900351198e-01  -1.1416412794235138e+00  -5.1334311812163846e-01  -6.8558999141398114e-01   2.8397273969452193e+00   2.3093529759042100e+00   3.0224111770452553e+00   0.0000000000000000e+00   0.0000000000000000e+00   0.0000000000000000e+00
  -3.0574701583668995e+00  -2.1830446223354105e+00   9.7262194034660154e-01  -1.1666166822319401e+00  -5.4154178271731201e-01  -7.1244658864669619e-01   2.8517080515765274e+00   2.2906365934717448e+00   3.0239468621816750e+00   0.0000000000000000e+00   0.0000000000000000e+00   0.0000000000000000e+00
  -3.0478155249112082e+00  -2.2036310821322780e+00   7.5719566176857711e-01   9.4609489097379096e-01  -1.1915039235333036e+00  -5.6970677121580138e-01  -7.3924036806266813e-01   2.8634704265835684e+00   2.2717554161785860e+00   3.0252462779516986e+00   0.0000000000000000e+00   0.0000000000000000e+00
  -2.2240486764676488e+00   7.3030268681564836e-01   9.1949972797783930e-01  -1.2163011686611818e+00  -5.9783587250598158e-01  -7.6596920082161046e-01   2.8750136916179292e+00  -1.2042048485015730e-01   2.2527108264661813e+00   3.0263092198898089e+00  -2.9515010578216252e+00   0.0000000000000000e+00
  -2.2442957954263099e+00   7.0335553198234879e-01   8.9283851931164138e-01  -1.2410065944538120e+00  -6.2592688400510177e-01  -7.9263095862330590e-01  -1.4776904477165445e-01   2.2335042132028766e+00   3.0271355029107330e+00  -2.9613749196494514e+00   0.0000000000000000e+00   0.0000000000000000e+00
  -2.2643708402799225e+00   6.7635626783822778e-01   8.6611334260166983e-01  -1.2656183824716207e+00  -6.5397759589425664e-01  -8.1922352365668216e-01  -1.7510288851922004e-01   2.2141369774786193e+00  -2.9710226700817723e+00   0.0000000000000000e+00   0.0000000000000000e+00   0.0000000000000000e+00
   1.0642722953284018e+00  -2.2842722282510453e+00   6.4930697023981154e-01   8.3932627365147483e-01  -1.2901347177233851e+00  -6.8198580431552669e-01  -8.4574478713866030e-01   1.6382776464506623e+00  -2.0241996574634172e-01   2.1946105257330997e+00  -2.9804435876612634e+00   0.0000000000000000e+00
   1.0391425185127869e+00  -2.3039983873499827e+00   6.2220972017564979e-01   8.1247939277927661e-01  -1.3145537990806717e+00  -7.0994930566536152e-01  -8.7219264627862436e-01   1.6125937525129996e+00  -2.2971822611436141e-01   2.1749262774812119e+00  -2.9896369700812380e+00   0.0000000000000000e+00
   1.0139326073826640e+00  -2.3235477608223669e+00   5.9506659408085072e-01   7.8557478478771936e-01  -1.3388738254484585e+00  -7.3786589015341186e-01  -8.9856500981001786e-01   1.5867782417269813e+00  -2.5699562903339024e-01   2.1550856613735170e+00  -2.9986021306477624e+00   0.0000000000000000e+00
   9.8864435220332481e-01  -2.3429188050792056e+00   5.6787968031562996e-01   7.5861453541398471e-01  -1.3630930087194828e+00  -7.6573336364338307e-01  -9.2485979408575902e-01   1.5608333343098950e+00  -2.8425012536157718e-01   2.1350901107801454e+00  -1.8152292113345916e+00  -3.0073384004086696e+00
   9.6327955136464583e-01  -2.3621099893144573e+00   5.4065106306950228e-01   7.3160073839830475e-01  -1.3872095616605282e+00  -7.9354951953542541e-01  -9.5107492151128081e-01   1.5347612602323999e+00  -3.1147968067737108e-01   2.1149410720179378e+00  -1.8375019818907727e+00  -3.0158451282914043e+00
   9.3784001469392553e-01  -2.3811197986669033e+00   5.1338283535252938e-01   7.0453548057585680e-01  -1.4112217091702124e+00  -8.2131216098414062e-01  -9.7720832298296334e-01   1.5085642623956113e+00  -3.3868225262443313e-01   2.0946399998875860e+00  -1.8596439360061565e+00  -3.0241216792393741e+00
   9.1232754857164577e-01  -2.3999467294984229e+00   4.8607708820856704e-01   6.7742086189933148e-01  -1.4351276832974373e+00  -8.4901908945001292e-01  -1.0032579442164609e+00   1.4822445946317673e+00  -3.6585581147427731e-01   2.0741883562298069e+00  -1.8816532650310667e+00  -3.0321674373030154e+00
   8.8674397413946449e-01  -2.4185892957905462e+00   4.5873591640183803e-01   6.5025897859615911e-01  -1.4589257216208142e+00  -8.7666811015139323e-01  -1.0292217362427611e+00   1.4558045277484186e+00  -3.9299832219114078e-01   2.0535876115247511e+00  -1.9035281677567235e+00  -3.0399818027192618e+00
   8.6109111532125071e-01  -2.4370460227320798e+00   4.3136141387709059e-01   6.2305192762856443e-01  -1.4826140695321921e+00  -9.0425702719127277e-01  -1.0550976578374063e+00   1.4292463309484951e+00  -4.2010776016769991e-01   2.0328392484087803e+00  -1.9252668491429776e+00  -3.0475641929058317e+00
   8.3537079997427899e-01  -2.4553154514323321e+00   4.0395568367699247e-01   5.9580181749992311e-01  -1.5061909814810510e+00  -9.3178364864711083e-01  -1.0808836826782888e+00   1.4025723024000634e+00  -4.4718210035940908e-01   2.0119447558667263e+00  -1.9468675279552918e+00  -3.0549140445997227e+00
   8.0958486188139944e-01   3.7652082450683216e-01   5.6851074234163868e-01  -1.5296547216048673e+00  -9.5924579066115867e-01  -1.1065777883467929e+00   1.3757847371999017e+00  -4.7421932078351442e-01   1.9909056251978141e+00  -1.9683284207902532e+00  -3.0620308105081104e+00   0.0000000000000000e+00
   7.8373514436148040e-01   3.4905893706375180e-01   5.4118081473055313e-01  -1.5530035563664517e+00  -9.8664126553189657e-01  -1.1321779659115541e+00   1.3488859431934708e+00  -5.0121740353009536e-01   1.9697233686553284e+00  -1.9896477573675302e+00  -3.0689139613529037e+00   0.0000000000000000e+00
   7.5782348917411113e-01   2.1726579532481711e+00   3.2157212894804410e-01   5.1381413861477743e-01  -1.5762357640544484e+00  -1.0139678879717231e+00  -1.1576822165272653e+00   1.3218782469749788e+00  -5.2817433738714115e-01   1.9483994953183561e+00  -2.0108237772389903e+00  -3.0755629849923238e+00
   7.3185174594211255e-01   2.1532446798324010e+00   2.9406250555747093e-01   4.8641282196057434e-01  -1.5993496298820731e+00  -1.0412234821877322e+00  -1.1830885501135990e+00   1.2947639747257051e+00  -5.5508811284108506e-01   1.9269355327368776e+00  -2.0318547228429367e+00  -3.0819773882829828e+00
   7.0582177389697354e-01   2.1336699764202538e+00   2.6653216825719850e-01   4.5897897293610229e-01  -1.6223434531258667e+00  -1.0684058656696442e+00  -1.2083949866629160e+00   1.2675454720400241e+00  -5.8195672190882963e-01   1.9053330032898381e+00  -2.0527388472882171e+00   0.0000000000000000e+00
   6.7973543335876019e-01   2.1139353150140643e+00   2.3898322873445149e-01   4.3151470829775945e-01  -1.6452155314737025e+00  -1.0955128695299441e+00  -1.2335995598542753e+00   1.2402250822247587e+00  -6.0877816493613623e-01  -2.0734744136050325e+00   2.9174446028993897e+00   0.0000000000000000e+00
   6.5359458734681775e-01   2.0940421816231796e+00   2.1141779341779843e-01   4.0402213093954531e-01  -1.6679641785741142e+00  -1.2587003079874874e+00   1.2128051740464549e+00  -6.3555044825810914e-01  -2.0940596918050249e+00   2.9054595124945508e+00   0.0000000000000000e+00   0.0000000000000000e+00
   6.2740111237961571e-01   2.0739920708800490e+00   1.8383797062091511e-01   3.7650335537086721e-01  -1.6905877151716060e+00  -1.2836952912848423e+00   1.1852881076136899e+00  -6.6227157648865109e-01   3.1473956606932005e+00  -2.1144929589849562e+00   2.8932622294686339e+00   0.0000000000000000e+00
   6.0115687820720343e-01   2.0537864898224001e+00   1.5624587183557689e-01   3.4896049656685246e-01  -1.7130844682862703e+00   3.0618571331057445e+00  -1.3085825670499922e+00   1.1576762651431354e+00  -6.8893956275212731e-01   3.1411682129055816e+00  -2.1347725050849937e+00   2.8808538852890417e+00
   5.7486376583692433e-01   2.0334269555373998e+00   1.2864360591821930e-01  -1.7354527752859155e+00   3.0704921198147894e+00  -1.3333602140696197e+00   1.1299720324439579e+00  -7.1555242343425973e-01   3.1346938055776854e+00  -2.1548966254810513e+00   2.8682356237119642e+00   0.0000000000000000e+00
   5.4852366079594250e-01   2.0129149976333789e+00   1.0103328408715473e-01  -1.7576909863068524e+00   3.0788917362282295e+00  -1.3580263181006484e+00   1.1021778018804760e+00  -7.4210818253243183e-01   3.1279727358757041e+00  -2.1748636263475531e+00   2.8554085995843339e+00   0.0000000000000000e+00
   5.2213844825198430e-01   1.9922521540631024e+00   7.3417014485087737e-02  -2.6369283437408684e+00  -1.7797974559607237e+00   3.0870554041855223e+00  -1.3825789809481133e+00   1.0742959790587352e+00  -7.6860486875572376e-01   3.1210053233636339e+00  -2.1946718223653967e+00   2.8423739826445109e+00
   4.9571002949822857e-01   1.9714399753908110e+00   4.5796908561290456e-02  -2.6213729047546352e+00  -1.8017705468673655e+00   3.0949825629457988e+00  -1.4070163083740583e+00   1.0463289687201336e+00  -7.9504051014389376e-01   3.1137919078252887e+00  -2.2143195406593561e+00   2.8291329528911211e+00
   4.6924029647947330e-01   1.9504800206288042e+00   1.8175077751433091e-02  -2.6056149582992143e+00  -1.8236086364068333e+00   3.1026726694730904e+00  -1.4313364210185209e+00   1.0182791901990713e+00  -8.2141314791678544e-01   3.1063328503956704e+00  -2.2338051130986996e+00   2.8156867060470629e+00
   4.4273115025357801e-01   1.9293738614331106e+00  -9.4463718891772026e-03  -2.5896556896203924e+00  -1.8453101062051471e+00   3.1101251999605486e+00  -1.4555374586402872e+00   9.9014906684677217e-01  -8.4772082527831738e-01   3.0986285330357162e+00  -2.2531268863456693e+00   2.8020364427797722e+00
   4.1618449799560303e-01   1.9081230763766137e+00  -3.7065329522734801e-02  -2.5734962974442257e+00  -1.8668733513252189e+00   3.1173396476239663e+00  -1.4796175595157006e+00   9.6194103451726976e-01  -8.7396159023761166e-01   3.0906793572279811e+00  -2.2722832153403427e+00   2.7881833832936236e+00
   3.8960224842802599e-01   1.8867292573991341e+00  -6.4679685972148501e-02  -2.5571379976322368e+00  -1.8882967747770589e+00   3.1243155248159100e+00  -1.5035748885754487e+00   9.3365752362207488e-01  -9.0013349684008948e-01   3.0824857466781848e+00  -2.2912724644029905e+00   2.7741287564317152e+00
   3.6298631352348165e-01   1.8651940073223123e+00  -9.2287335994374955e-02  -2.5405820242002672e+00  -1.9095787877120007e+00   3.1310523607722840e+00  -1.5274076112806654e+00   9.0530098222172461e-01  -9.2623460375208577e-01   3.0740481454314041e+00  -2.3100930082535358e+00   2.7598738013967656e+00
   3.3633861385390545e-01   1.8435189330708821e+00  -2.5238296240646312e+00  -1.9307178134099954e+00   3.1375497049927850e+00   8.7687386046484095e-01  -9.5226298256857200e-01   3.0653670201039862e+00  -2.3287432342324355e+00   2.7454197725037095e+00   0.0000000000000000e+00   0.0000000000000000e+00
   3.0966106566624169e-01   1.8217056564721155e+00   6.5193656726530380e-01  -2.5068820595339698e+00  -1.9517122873560668e+00   3.1438071230713689e+00   1.3369175914068063e-01   8.4837861273353943e-01  -9.7821670390844284e-01   3.0564428557036760e+00  -2.3472215383183146e+00   2.7307679301146131e+00
   2.8295559564839096e-01   1.7997558097630426e+00   6.7840521116663011e-01  -2.4897406104422615e+00  -1.9725606483411482e+00   3.1498242004349639e+00   1.6213534098131219e-01   8.1981769868339327e-01  -1.0040938417236127e+00   3.0472761601644440e+00  -2.3655263296543572e+00   2.7159195512488385e+00
   2.5622412815313866e-01   1.7776710299326024e+00   7.0482621521181088e-01  -2.4724065711441159e+00  -1.9932613498316361e+00   3.1556005406708074e+00   1.9056877353746154e-01  -1.0298924859769809e+00   3.0378674619850057e+00  -2.3836560262603435e+00   2.7008759204037118e+00   0.0000000000000000e+00
   1.7554529684377342e+00   7.3119768475808400e-01  -2.4548812506512556e+00  -2.0138128564372781e+00   3.1611357648619749e+00   2.1898979439403826e-01  -1.0556107296061332e+00   3.0282173107754420e+00  -2.4016090576272253e+00   2.6856383364802463e+00   0.0000000000000000e+00   0.0000000000000000e+00
   1.7331032825855353e+00   7.5751773100233910e-01  -2.4371659750435968e+00   3.1664295121618493e+00   2.4739613623966922e-01   2.1067648618898596e+00  -1.0812466665902136e+00   3.0183262773971422e+00  -2.4193838680908639e+00   2.6702081034383163e+00   0.0000000000000000e+00   0.0000000000000000e+00
   1.7106236386994635e+00   7.8378445921791096e-01  -2.4192620840522694e+00   3.1714814408461920e+00   2.7578553663128880e-01   2.1279572001358211e+00   3.0081949525277096e+00  -2.4369789094570540e+00   0.0000000000000000e+00   0.0000000000000000e+00   0.0000000000000000e+00   0.0000000000000000e+00
   8.0999598731239242e-01  -2.4011709309663454e+00  -3.1151317839174215e+00   3.1762912276378610e+00   3.0415572899530663e-01   2.1489858062235885e+00   2.9978239503539488e+00  -2.4543926463270358e+00   0.0000000000000000e+00   0.0000000000000000e+00   0.0000000000000000e+00   0.0000000000000000e+00
  -1.2268231804559093e+00   8.3615042815739637e-01  -2.3828938874155217e+00  -3.1093633770199780e+00   3.1808585672181056e+00   3.3250444868881135e-01   2.1698490253287757e+00   2.9872139044101882e+00  -2.4716235593249718e+00   0.0000000000000000e+00   0.0000000000000000e+00   0.0000000000000000e+00
  -1.2013273814315983e+00   8.6224590395617851e-01  -2.3644323369427114e+00  -3.1033602489589764e+00   3.1851831724595341e+00   3.6082943486012331e-01   2.1905452146664293e+00   2.9763654698961139e+00  -2.4886701337441726e+00   0.0000000000000000e+00   0.0000000000000000e+00   0.0000000000000000e+00
  -1.1757448688443317e+00   8.8828053284327535e-01  -2.3457876806285185e+00  -3.0971228134982307e+00   3.1892647743954119e+00   3.8912842201688158e-01   2.2110727450072418e+00  -2.5055308742691174e+00   0.0000000000000000e+00   0.0000000000000000e+00   0.0000000000000000e+00   0.0000000000000000e+00
  -1.1500776804850106e+00   9.1425244240485748e-01  -2.3269613308651329e+00  -3.0906515046270244e+00   3.1931031229794704e+00   4.1739915552664281e-01   2.2314300025601352e+00  -2.5222042940848532e+00   0.0000000000000000e+00   0.0000000000000000e+00   0.0000000000000000e+00   0.0000000000000000e+00
  -1.1243278573249338e+00   2.7299297598779120e+00   9.4015976265813594e-01  -2.3079547189672871e+00  -3.0839467692633424e+00   3.1966979864304599e+00   4.4563937178300866e-01   2.2516153832966395e+00   0.0000000000000000e+00   0.0000000000000000e+00   0.0000000000000000e+00   0.0000000000000000e+00
  -1.0984974432297236e+00   2.7446342061237061e+00   9.6600062423750421e-01  -2.2887692849367163e+00  -3.0770090745314689e+00   3.2000491504551789e+00   4.7384681593050237e-01   2.2716272979958299e+00   0.0000000000000000e+00   0.0000000000000000e+00   0.0000000000000000e+00   0.0000000000000000e+00
  -1.0725884883106194e+00   2.7591189682537056e+00   9.9177316233264523e-01  -2.2694064887099836e+00  -3.0698389026593507e+00   3.2031564199282538e+00   5.0201923480495225e-01   2.2914641717798219e+00   2.0166668363331350e+00   0.0000000000000000e+00   0.0000000000000000e+00   0.0000000000000000e+00
  -1.0466030504690982e+00   2.7733829185879157e+00   1.0174755146727195e+00  -2.2498678007447754e+00  -3.0624367534317360e+00   3.2060196176707212e+00   5.3015437603895987e-01   2.3111244434353013e+00   2.0373837847793288e+00  -1.2030871835298897e+00   0.0000000000000000e+00   0.0000000000000000e+00
  -1.0205431845714701e+00   2.7874249528690793e+00   1.0431058285460919e+00  -2.2301547067520628e+00  -3.0548031433352425e+00   3.2086385853468511e+00   5.5824998840328710e-01   2.3306065639907856e+00   2.0579477154234898e+00  -1.1770183950241524e+00   8.5087001660091555e-01   0.0000000000000000e+00
  -9.9441095063566576e-01   2.8012439844864483e+00   1.0686622444401337e+00  -2.2102687057449142e+00  -3.0469386061292929e+00   3.2110131821495416e+00   5.8630382293387429e-01   2.3499089997324734e+00   2.0783570465672563e+00  -1.1508635109928471e+00   8.7706452466313534e-01   0.0000000000000000e+00
  -9.6820842302828036e-01   2.8148389483566052e+00   1.0941429190618779e+00  -2.1902113138676773e+00  -3.0388436913150692e+00   3.2131432860703519e+00   6.1431364003840538e-01   2.3690302329411423e+00   2.0986102087562211e+00  -1.1246245847575420e+00   9.0319835625257983e-01   0.0000000000000000e+00
  -9.4193766420353453e-01   2.8282087992249334e+00   1.1195459995102315e+00  -2.1699840577931582e+00  -3.0305189648822823e+00   6.4227719422341401e-01   2.3879687553334570e+00   2.1187056420045804e+00  -1.0983036714402681e+00   9.2926950987465629e-01   0.0000000000000000e+00   0.0000000000000000e+00
  -9.1560075021665366e-01   2.8413525116453910e+00   1.1448696510035865e+00  -2.1495884759033781e+00  -3.0219650118200154e+00   6.7019225093785273e-01   2.4067230780086883e+00   2.1386417999797671e+00  -1.0719028329680371e+00   9.5527599941827224e-01  -2.2502089674955408e+00   0.0000000000000000e+00
  -8.8919975243491800e-01   2.8542690801125841e+00   1.1701120327107284e+00  -2.1290261249086737e+00  -3.0131824323820746e+00   6.9805657241684704e-01   2.4252917230828110e+00   2.1584171428550114e+00  -1.0454241364525658e+00   9.8121583227381071e-01  -2.2297637221556190e+00   0.0000000000000000e+00
  -8.6273675662167615e-01   2.8669575225948254e+00   1.1952713153622643e+00  -2.1082985729120720e+00  -3.0041718421212642e+00   7.2586792997519445e-01   2.4436732282330160e+00   2.1780301470742947e+00  -1.0188696511823221e+00   1.0070870202126456e+00  -2.2091510751576413e+00   0.0000000000000000e+00
  -8.3621384219053618e-01   2.8794168742280313e+00   1.2203456672277952e+00  -2.0874074008833081e+00  -2.9949338755484201e+00   7.5362409737891978e-01   2.4618661477179353e+00   2.1974792983302986e+00  -9.9224145517514184e-01   1.0328875871018182e+00  -2.1883726099195444e+00   0.0000000000000000e+00
  -8.0963308933363576e-01   2.8916461911139075e+00   1.2453332665196888e+00  -2.0663542020730259e+00  -2.9854691827258786e+00  -2.6511026452851962e+00   7.8132284790242390e-01   2.4798690471634037e+00   2.2167630935292082e+00  -9.6554162512872410e-01   1.0586155464918801e+00  -2.1674299238884562e+00
  -7.8299659165835400e-01   2.9036445513176483e+00   1.2702322911676669e+00  -2.0451405863502030e+00  -2.9757784302721615e+00  -2.6365314765678280e+00   8.0896196613468085e-01   2.4976805103957100e+00   2.2358800429458245e+00  -9.3877224873237886e-01   1.0842689263934941e+00  -2.1463246237402718e+00
  -7.5630643591944913e-01   2.9154110542253675e+00   1.2950409318690534e+00  -2.0237681721037055e+00  -2.9658623017185177e+00  -2.6217641101609841e+00   8.3653923883870307e-01   2.5152991354486507e+00   2.2548286685627668e+00  -9.1193540950032281e-01   1.1098457564203357e+00  -2.1250583283534263e+00
  -7.2956471024028002e-01   2.9269448160295406e+00   1.3197573760108858e+00  -2.0022385944141146e+00  -2.9557214964008627e+00  -2.6068016278344044e+00   8.6405245442914014e-01   2.5327235332908500e+00   2.2736075020915081e+00  -8.8503320456789625e-01   1.1353440627759450e+00  -2.1036326657854962e+00
  -7.0277351160052393e-01   2.9382449803457331e+00   1.3443798220872258e+00  -1.9805534968053362e+00  -2.9453567304663197e+00  -2.5916451237421518e+00   8.9149940850757048e-01   2.5499523356100173e+00   2.2922150897114149e+00  -8.5806772350425287e-01   1.1607618867961456e+00  -2.0820492818419170e+00
  -6.7593493618528855e-01   2.9493107048103884e+00   1.3689064665845700e+00  -1.9587145423477674e+00  -2.5762957037445324e+00   9.1887790105297396e-01   2.5669841833402773e+00   2.3106499878818467e+00  -8.3104106852358428e-01   1.1860972635322258e+00  -2.0603098250889329e+00   0.0000000000000000e+00
  -6.4905107665198158e-01   2.9601411721430555e+00   1.3933355184584353e+00   3.1425597666217442e+00  -2.5607544880473192e+00   9.4618573960535124e-01   2.5838177374324598e+00   2.3289107684324266e+00  -8.0395533799231511e-01   1.2113482411501222e+00  -2.0384159590150590e+00   0.0000000000000000e+00
  -6.2212403453975129e-01   2.9707355852561030e+00   1.4176651902435720e+00   3.1396040333913851e+00  -2.5450226083211129e+00   9.7342073583421163e-01   2.3469960125059850e+00  -7.7681264072798295e-01   1.2365128670728240e+00  -2.0163693564168770e+00   0.0000000000000000e+00   0.0000000000000000e+00
  -5.9515590743685010e-01   2.9810931686103745e+00   1.4418936971134189e+00  -3.1094739347854343e+00   3.1364113618084102e+00  -2.5291012126704158e+00   1.0005807025779934e+00   2.3649043152248925e+00  -7.4961508285822565e-01   1.2615891952594493e+00  -1.9941717068706728e+00   0.0000000000000000e+00
  -5.6814879275575958e-01   2.9912131649370672e+00  -3.1163890249606729e+00   3.1329820234937782e+00  -2.5129914578539490e+00   1.0276634684457993e+00   2.3826342838202437e+00  -7.2236477522247522e-01   1.2865752825489212e+00  -1.9718247015906289e+00   0.0000000000000000e+00   0.0000000000000000e+00
  -5.4110480024831387e-01   3.0010948422986461e+00  -3.1230629652826267e+00   3.1293163076864281e+00  -2.4966945169215684e+00   2.4001845395265309e+00  -6.9506382996780258e-01   1.3114691944518098e+00  -1.9493300450948998e+00   0.0000000000000000e+00   0.0000000000000000e+00   0.0000000000000000e+00
  -5.1402602401113962e-01  -3.1294952270326712e+00   3.1254145199099339e+00  -2.4802115742665523e+00   2.4175537148377546e+00  -6.6771436620533420e-01   1.3362689960898195e+00  -1.9266894584519554e+00   0.0000000000000000e+00   0.0000000000000000e+00   0.0000000000000000e+00   0.0000000000000000e+00
  -4.8691457177909314e-01  -3.1356853003008673e+00   3.1212769830572533e+00  -2.4635438255771280e+00   2.4347404569921323e+00  -6.4031849884473757e-01   1.3609727633798203e+00  -1.9039046628070304e+00   0.0000000000000000e+00   0.0000000000000000e+00   0.0000000000000000e+00   0.0000000000000000e+00
  -4.5977254464575679e-01  -3.1416326964661470e+00   3.1169040365662153e+00  -2.4466924821391443e+00   2.4517434248065686e+00  -6.1287834812517417e-01   1.3855785717992326e+00  -1.8809773943928734e+00   0.0000000000000000e+00   0.0000000000000000e+00   0.0000000000000000e+00   0.0000000000000000e+00
  -4.3260204598639762e-01   2.5373668598340791e+00  -3.0798234453060322e+00  -3.1473369446963617e+00   3.1122960375719799e+00  -2.4296587662027447e+00  -2.3288932322350817e+00   2.4685612909855070e+00  -5.8539603768478188e-01   1.4100845096127412e+00  -1.8579094001840357e+00   0.0000000000000000e+00
  -4.0540517885197008e-01   2.5225562092720510e+00  -3.0733324560901449e+00  -3.1527975929530490e+00   3.1074533592767688e+00  -2.4124439104096593e+00  -2.3492392148978345e+00   2.4851927418931874e+00  -5.5787368850308239e-01   1.4344886680673892e+00  -1.8347024385960800e+00   0.0000000000000000e+00
  -3.7818404656451693e-01   2.5075453004954489e+00  -3.0666073602862540e+00  -3.1580142101529054e+00   3.1023763927739498e+00  -2.3950491642640030e+00  -2.3694047663470093e+00   2.5016364758846130e+00  -5.3031342720695795e-01   1.4587891383130882e+00  -1.8113582698592094e+00   0.0000000000000000e+00
  -3.5094075581073619e-01   2.4923353350561031e+00  -3.0596486689650941e+00  -3.1629863837875134e+00   3.0970655450100697e+00  -2.3774757860660167e+00  -2.3893881883243204e+00   2.5178912068290118e+00  -5.0271738227879315e-01   1.4829840246300181e+00  -1.7878786709493970e+00   0.0000000000000000e+00
  -3.2367740640862236e-01   2.4769275308792618e+00  -3.0524569104873445e+00  -3.1677137215294735e+00   3.0915212396924696e+00  -2.3597250489445765e+00  -2.4091878029901199e+00   2.5339556615070475e+00  -4.7508767822208714e-01   1.5070714348938559e+00  -1.7642654281448449e+00   0.0000000000000000e+00
  -2.9639609967320957e-01   2.4613231239153652e+00  -3.0450326320421772e+00  -3.1721958502440986e+00   3.0857439195471232e+00  -2.3417982346595236e+00  -2.4288019399740604e+00   4.9813684488655241e-01   2.5498285806318299e+00  -4.4742644602030701e-01   1.5310494871832594e+00  -1.7405203310483064e+00
  -2.6909893958400732e-01   2.4455233647251129e+00  -3.0373763960882658e+00  -3.1764324164060973e+00   3.0797340397847881e+00  -2.3236966397281291e+00  -2.4482289495075458e+00   4.7134911627733789e-01   2.5655087193094124e+00  -4.1973581593326215e-01   1.5549162963843219e+00  -1.7166451852559315e+00
  -2.4178802264902255e-01   2.4295295251716200e+00  -3.0294887848201055e+00  -3.1804230861491041e+00   3.0734920764636309e+00  -2.3054215737446340e+00  -2.4674671919577844e+00   4.4452442288423150e-01  -3.9201791657422530e-01   1.5786699953068084e+00  -1.6926417987481521e+00   0.0000000000000000e+00
  -2.1446545397811703e-01   2.4133428909739747e+00  -3.0213703953987570e+00  -3.1841675455444065e+00   3.0670185196923376e+00  -2.2869743540210572e+00  -2.4865150436042027e+00   4.1766462789411829e-01   1.6023087140706866e+00  -1.6685119951146612e+00   0.0000000000000000e+00   0.0000000000000000e+00
  -1.8713332714935241e-01   2.3969647660126361e+00  -3.0130218444328061e+00  -3.1876654997821756e+00   3.0603138770753202e+00  -2.2683563133146092e+00  -2.5053708984141014e+00   3.9077159666864558e-01   1.6258305980356418e+00  -1.6442576035451326e+00   0.0000000000000000e+00   0.0000000000000000e+00
   2.3803964701980833e+00  -3.0044437647612394e+00  -3.1909166743424615e+00   3.0533786735571664e+00  -2.2495687959878787e+00  -2.5240331624996313e+00   3.6384719780722047e-01  -1.3936498592986426e+00   1.6492337937883057e+00  -1.6198804566214240e+00   0.0000000000000000e+00   0.0000000000000000e+00
   2.3636393421490656e+00  -2.9956368063509888e+00  -3.1939208139207547e+00   3.0462134488781838e+00  -2.2306131560529039e+00  -2.5425002567506350e+00   3.3689330181397326e-01  -1.4183004791044438e+00   1.6725164571787758e+00   0.0000000000000000e+00   0.0000000000000000e+00   0.0000000000000000e+00
   2.3466947343567965e+00  -2.9866016367932389e+00  -3.1966776835287920e+00   3.0388187607134514e+00  -2.2114907613049328e+00  -2.5607706200594005e+00   3.0991178168202022e-01  -1.4428417107402973e+00   1.6956767523478722e+00   0.0000000000000000e+00   0.0000000000000000e+00   0.0000000000000000e+00
   2.3295640175124692e+00  -2.9773389403467676e+00  -3.1991870676329319e+00   3.0311951813776821e+00  -2.1922029899900060e+00  -2.5788427050753193e+00   2.8290451541126449e-01  -1.4672717045597583e+00   1.7187128466672235e+00   0.0000000000000000e+00   0.0000000000000000e+00   0.0000000000000000e+00
  -6.3686788952575779e-01   2.3122485766469385e+00  -3.2014487705051358e+00   3.0233433024505580e+00  -2.1727512318597340e+00  -2.5967149801735157e+00   2.5587338248159985e-01  -1.4915886177543587e+00   1.7416229211861625e+00   0.0000000000000000e+00   0.0000000000000000e+00   0.0000000000000000e+00
  -6.6547643704209480e-01   2.2947498169926868e+00  -3.2034626162407349e+00   3.0152637300620948e+00  -2.6143859318465070e+00   2.2882026157544078e-01  -1.5157906160242143e+00   1.7644051649742218e+00   0.0000000000000000e+00   0.0000000000000000e+00   0.0000000000000000e+00   0.0000000000000000e+00
  -6.9402214735782242e-01   2.2770691539568326e+00  -3.2052284488252210e+00   3.0069570854452334e+00  -2.6318540610586822e+00   2.0174703793692736e-01  -1.5398758726651272e+00   0.0000000000000000e+00   0.0000000000000000e+00   0.0000000000000000e+00   0.0000000000000000e+00   0.0000000000000000e+00
  -7.2250266928416329e-01   2.2592080248451674e+00  -3.2067461320656134e+00   2.9984240083779374e+00  -2.6491178848904449e+00   1.7465559716483714e-01  -1.5638425769304438e+00   0.0000000000000000e+00   0.0000000000000000e+00   0.0000000000000000e+00   0.0000000000000000e+00   0.0000000000000000e+00
  -7.5091565829940943e-01   2.2411678764715841e+00   1.6614243001104467e+00  -3.2080155495148572e+00   2.9896651536379744e+00  -2.6661759370284348e+00   1.4754782650943607e-01  -1.5876889174178326e+00   0.0000000000000000e+00   0.0000000000000000e+00   0.0000000000000000e+00   0.0000000000000000e+00
  -7.7925878408473026e-01   2.2229501775918412e+00   1.6380032674935052e+00  -3.2090366049042789e+00   2.9806811926511103e+00  -2.6830267682821676e+00   1.2042561748923106e-01  -1.6114131021233382e+00   0.0000000000000000e+00   0.0000000000000000e+00   0.0000000000000000e+00   0.0000000000000000e+00
  -8.0752971458407063e-01   2.2045564097682502e+00   1.6144710698085463e+00  -3.2098092214519758e+00   2.9714728119230367e+00   2.1720828307798130e+00  -2.6996689447543987e+00   9.3290860887399435e-02  -1.6350133398658449e+00   0.0000000000000000e+00   0.0000000000000000e+00   0.0000000000000000e+00
  -8.3572613632139992e-01   2.1859880676030468e+00   1.5908294214462035e+00  -3.2103333425498111e+00   2.9620407142400906e+00   2.1506110464892276e+00  -2.7161010524304356e+00   6.6145451591975310e-02  -1.6584878521132242e+00  -1.4907063450378024e+00   0.0000000000000000e+00   0.0000000000000000e+00
  -8.6384574701230021e-01   2.1672466627519333e+00   1.5670800292839904e+00  -3.2106089312488617e+00   2.9523856203473695e+00   2.1289616379943692e+00  -2.7323216915803661e+00   3.8991284707869653e-02  -1.6818348765884228e+00  -1.5148213736578560e+00  -1.2468675948879795e+00   3.5306652150298978e-01
  -8.9188624834943575e-01   2.1483337244539298e+00   1.5432246145614796e+00  -3.2106359705985175e+00   2.9425082641776958e+00   2.1071363015527709e+00  -2.7483294804334686e+00   1.1830254741667767e-02  -1.7050526485695867e+00  -1.5388185808685315e+00  -1.2717574825112330e+00   3.2622686284859548e-01
  -9.1984535697647385e-01   2.1292507923672868e+00   1.5192649023970897e+00   2.9324093968428437e+00   2.0851367539473085e+00  -2.7641230551713551e+00  -1.5335735929096463e-02  -1.7281394251334572e+00  -1.5626961983459597e+00  -1.2965581026958310e+00   2.9936165483188498e-01   0.0000000000000000e+00
  -9.4772079696157085e-01   2.1099994249414062e+00   1.4952026124114548e+00   2.9220897853926280e+00   2.0629647269768312e+00  -2.7797010692407063e+00  -4.2504786769100640e-02  -1.7510934631339037e+00  -1.5864524766522394e+00  -1.3212675494774340e+00   2.7247288793679542e-01   0.0000000000000000e+00
  -9.7551030543034634e-01   2.0905811915449024e+00   1.4710394753752616e+00   2.9115502121291774e+00   2.0406219711367179e+00  -2.7950621943370222e+00  -6.9675001060534716e-02  -1.7739130399876744e+00  -1.6100856736559124e+00  -1.3458839323192791e+00   2.4556255484959988e-01   0.0000000000000000e+00
  -1.0032116266008315e+00   2.0709976789518354e+00   1.4467772278229631e+00   2.9007914756329485e+00   2.0181102555836370e+00  -2.8102051176193403e+00  -9.6844469228676650e-02  -1.7965964334606841e+00  -1.6335940565573797e+00  -1.3704053511121308e+00   2.1863265415651825e-01   0.0000000000000000e+00
  -1.0308225243455127e+00   2.0512504842839996e+00   1.4224176054634845e+00  -2.4190607615729203e+00   2.8898143896740716e+00   1.9954313608288965e+00  -2.8251285473510204e+00  -1.2401129082677341e-01  -1.8191419419137467e+00  -1.6569759012585799e+00  -1.3948299221887166e+00   1.9168518385088879e-01
  -1.0583407640024518e+00   2.0313412267355861e+00   1.3979623498648839e+00  -2.4362345738957401e+00   2.8786197833966192e+00   1.9725870910381338e+00  -2.8398312082864847e+00  -1.5117356162184395e-01  -1.8415478657273199e+00  -1.6802294932240829e+00  -1.4191557648645723e+00   1.6472214048659251e-01
  -1.0857641293393485e+00   2.0112715288615561e+00   1.3734132048952212e+00  -2.4532246304249461e+00   2.8672085019793840e+00   1.9495792635538207e+00  -2.8543118419639235e+00  -1.7832937193979623e-01  -1.8638125216269203e+00  -1.7033531329423715e+00  -1.4433809983209511e+00   1.3774552777827534e-01
  -1.1130904111402178e+00   1.9910430370489693e+00   1.3487719183059077e+00  -2.4700296874592165e+00   2.8555814057694762e+00   1.9264097165479745e+00  -2.0547681576847612e-01  -1.8859342314973360e+00  -1.7263451271492403e+00  -1.4675037506214046e+00   1.1075734598071377e-01   0.0000000000000000e+00
  -1.1403174168352641e+00   1.9706574031885533e+00   1.3240402418966617e+00  -2.4866485077535776e+00   1.9030802942158769e+00  -2.3261398718398107e-01  -1.9079113355023238e+00  -1.7492037938457439e+00  -1.4915221536220806e+00   8.3759596905797623e-02   0.0000000000000000e+00   0.0000000000000000e+00
  -1.1674429601919407e+00   1.9501162984055995e+00   1.2992199340853798e+00  -2.5030798738710573e+00   2.9796082672088757e+00   1.8795928675719211e+00  -2.8143834362216116e+00  -2.5973897444146699e-01  -1.9297421791090792e+00  -1.7719274573321351e+00  -1.5154343482493571e+00   5.6754288515706644e-02
  -1.1944648769069146e+00   1.9294214039086468e+00   1.2743127463770401e+00  -2.5193225763461013e+00   2.9688533304980202e+00   1.8559493213806606e+00  -2.8251500375161265e+00  -2.8684987174319349e-01  -1.9514251211713234e+00  -1.7945144634235162e+00  -1.5392384763968359e+00   2.9743424297383591e-02
  -1.2213810033901153e+00   1.9085744162919964e+00   1.2493204441766104e+00  -2.5353754264719885e+00   2.9578746457584613e+00   1.8321515524271184e+00  -2.8356979668030307e+00  -3.1394476552566991e-01  -1.9729585311661049e+00  -1.8169631586882808e+00  -1.5629326891305009e+00   2.7290100889636082e-03
  -1.2481891964968028e+00   1.8875770433588221e+00   1.2242447934047525e+00  -2.5512372410989430e+00   2.9466730705613919e+00   1.8082014764843588e+00  -2.8460265725877818e+00  -3.4102174609138119e-01  -1.9943407952883732e+00  -1.8392719011773269e+00  -1.5865151411515694e+00  -2.4286946397294815e-02
  -1.2748873246007668e+00   1.8664310053040121e+00   1.1990875592361363e+00  -2.5669068585160448e+00   2.9352494755145879e+00   1.7841010255382397e+00  -2.8561352209194895e+00  -3.6807890369804108e-01  -2.0155703010108006e+00  -1.8614390668356546e+00  -1.6099839968548186e+00  -5.1302439543005819e-02
  -1.3014732667630819e+00   1.8451380386874516e+00   1.1738505094137426e+00  -2.5823831232590124e+00   2.9236047449450471e+00   1.7598521472116910e+00  -2.8660232960064542e+00  -2.0366454571201609e+00  -1.8834630345735777e+00  -1.6333374224140447e+00  -7.8315459852064340e-02   0.0000000000000000e+00
  -1.3279449204605331e+00   1.1485354193387327e+00  -2.5976648986926278e+00   2.9117397826830795e+00   1.7354567983008158e+00  -2.8756901983168777e+00  -2.0575646773899301e+00  -1.9053421998167013e+00  -1.6565735947859792e+00  -1.0532400347496451e-01   0.0000000000000000e+00   0.0000000000000000e+00
  -1.3543001904557628e+00  -3.0285155982583656e+00   1.1231440645580495e+00  -2.6127510622983663e+00   2.8996555046150942e+00   1.7109169583888846e+00  -2.8851353459165274e+00  -1.9270749693340825e+00  -1.6796906918584489e+00  -1.3232605722699939e-01   0.0000000000000000e+00   0.0000000000000000e+00
  -1.3805370014859439e+00  -3.0343850649433941e+00   1.0976782229018864e+00  -2.6276405034603312e+00   2.8873528475720827e+00   1.6862346166910356e+00  -2.8943581743446898e+00  -3.1497191013671686e+00  -1.9486597543279378e+00  -1.7026869067720676e+00  -1.5931961525906102e-01   0.0000000000000000e+00
  -1.4066532827772660e+00  -3.0400256768163252e+00   1.0721396753851311e+00  -2.6423321255045207e+00   2.8748327601639723e+00   1.6614117805205821e+00  -2.9033581362727690e+00  -3.1507642173953303e+00  -1.9700949875688030e+00  -1.7255604293444247e+00  -1.8630267190371916e-01   0.0000000000000000e+00
  -1.4326469867888234e+00  -3.0454369548610307e+00   1.0465302019237752e+00  -2.6568248487248955e+00   2.8620962061591566e+00   1.6364504709840386e+00  -2.9121347028884514e+00  -3.1515586843052708e+00  -1.9913791064531725e+00  -1.7483094631791187e+00  -2.1327321768193608e-01   0.0000000000000000e+00
  -3.0506184370152116e+00   1.0208515950288408e+00  -2.6711176049785377e+00   2.8491441674962843e+00   1.6113527217389554e+00  -2.9206873595103269e+00  -3.1521022942741790e+00  -2.0125105590820880e+00  -1.7709322168433703e+00  -2.4022924495269016e-01   0.0000000000000000e+00   0.0000000000000000e+00
  -3.0555696774615941e+00   9.9510563350401326e-01  -2.6852093407950930e+00   2.8359776382374124e+00   1.5861205825436480e+00  -2.9290156127619955e+00   2.2375774373591621e+00  -3.1523948628279017e+00  -2.0334878105983156e+00  -1.7934269077491778e+00  -2.6716874985596284e-01   0.0000000000000000e+00
  -3.0602902466636017e+00   9.6929411332555404e-01  -2.6990990182173369e+00   2.8225976311052561e+00   1.5607561147972979e+00  -2.9371189834391234e+00   2.2580336231128166e+00  -3.1524362274073452e+00  -2.0543093357120759e+00  -1.8157917574248670e+00  -2.9408972293014130e-01   0.0000000000000000e+00
  -3.0647797329573794e+00  -2.7127856140744333e+00   2.8090051708814987e+00   1.5352613944407840e+00  -2.9449970114177759e+00   2.2783121444325878e+00  -3.1522262476907774e+00  -2.0749736183121006e+00  -1.8380250002628424e+00  -3.2099016399792779e-01   0.0000000000000000e+00   0.0000000000000000e+00
   3.1756186623075786e+00  -3.0690377400290276e+00  -2.7262681164561604e+00   2.7952013008861294e+00   1.5096385128475613e+00  -2.9526492528708825e+00   2.2984113970027478e+00  -3.1517648057726664e+00  -2.0954791578178642e+00  -1.8601248724397623e+00  -3.4786806534077064e-01   0.0000000000000000e+00
   3.1723793081757461e+00  -3.0730638889095032e+00  -1.9720541366787430e+00  -2.7395455321634516e+00   2.7811870769900278e+00   1.4838895712372202e+00  -2.9600752818557989e+00   2.3183297925980386e+00  -3.1510518061288471e+00  -2.1158244650117055e+00  -1.8820896239783556e+00  -3.7472142512873802e-01
   3.1688936217275567e+00  -3.0768578170280123e+00  -1.9501554887404255e+00  -2.7526168801027593e+00   2.7669635697290653e+00  -2.9672746891927511e+00   2.3380657577306874e+00  -3.1500871757494950e+00  -2.1360080599756586e+00  -1.9039175082802635e+00  -4.0154824124221777e-01   0.0000000000000000e+00
   3.1651620267684497e+00  -3.0804191796556069e+00  -1.9281055880335767e+00  -2.7654811963462222e+00   2.7525318675820256e+00  -2.9742470827832834e+00   2.3576177364419930e+00  -3.1488708641355920e+00  -2.1560284795945348e+00  -1.9256067882528840e+00  -4.2834651706687327e-01   0.0000000000000000e+00
   3.1611849675590848e+00  -3.0837476476862005e+00  -1.9059060577719904e+00  -2.7781375262542465e+00   2.7378930696653256e+00  -2.9809920885446948e+00   2.3769841862439014e+00  -3.1474028434003172e+00  -2.1758842689758233e+00  -1.9471557335848175e+00  -4.5511425074934980e-01   0.0000000000000000e+00
   3.1569629068850391e+00  -3.0868429098279129e+00  -1.8835585325584625e+00  -2.7905849379148298e+00   2.7230482938441294e+00  -3.8059365236499693e-01  -2.9875093492585689e+00   2.3961635812185897e+00  -3.1456831083125234e+00  -2.1955739884251781e+00  -1.9685626308566353e+00  -4.8184944403101571e-01
   3.1524963277672331e+00  -3.0897046714196170e+00  -1.8610646585026811e+00  -2.8028225086750420e+00   2.7079986690938926e+00  -3.5285361621270545e-01  -2.9937985239730778e+00   2.4151544093107957e+00  -3.1437116759374550e+00  -2.2150962107740320e+00  -1.9898257627163782e+00  -5.0855010403455758e-01
   3.1477857322320135e+00  -3.0923326542771106e+00  -1.8384260903553236e+00  -2.8148493328256667e+00   2.6927453422895589e+00  -3.2508549225268346e-01  -2.9998592903752987e+00   2.4339551790954483e+00  -3.1414885866804019e+00  -2.2344495182302433e+00  -5.3521423810986013e-01   0.0000000000000000e+00
   3.1428316425673288e+00  -3.0947265983447410e+00  -1.8156444968230550e+00  -2.8266645188838675e+00   2.6772894727758403e+00  -2.9729143689850579e-01  -3.0056913409786317e+00   2.4525644104160880e+00  -3.1390139032640199e+00  -2.2536325097224390e+00  -5.6183985368408762e-01   0.0000000000000000e+00
   3.1376345997595516e+00  -3.0968862598262699e+00  -1.7927215623673922e+00  -2.8382671903580561e+00   2.6616322328275519e+00  -2.6947361418042787e-01  -3.0112943884084498e+00   2.4709806443362456e+00  -3.1362877110719869e+00  -2.2726437948127396e+00  -5.8842496340515127e-01   0.0000000000000000e+00
   3.1321951633131007e+00  -3.0988114122705368e+00  -1.7696589792461070e+00  -2.8496564880140052e+00   2.6457748149378091e+00  -2.4163418727644689e-01  -3.0166681601630043e+00   2.4892024332201745e+00  -3.1333101188426329e+00  -2.2914819949936023e+00   2.7058795423723958e+00   0.0000000000000000e+00
   3.1265139133940667e+00  -3.1005018463499927e+00  -1.7464584480227499e+00  -2.8608315655663730e+00   2.6297184179480770e+00  -2.1377532681431360e-01  -3.0218124015493775e+00   2.5072283490670575e+00  -3.1300812575334680e+00  -2.3101457483707284e+00   2.7200623835108386e+00   1.0343965134633901e+00
   3.1205914478971346e+00  -3.1019573700304304e+00  -1.7231216845154682e+00  -2.8717915916643642e+00   2.6134642603379818e+00  -1.8589919398199500e-01  -3.0267268748748215e+00   2.5250569796124998e+00  -3.1266012812792026e+00  -2.3286337014613827e+00   2.7340441908317659e+00   1.0605495264151534e+00
   3.1144283849118510e+00  -3.1031778082973793e+00  -1.6996504141938353e+00  -2.8825357533309832e+00   2.5970135733298352e+00  -1.5800796458651220e-01  -3.0314113592429557e+00   2.5426869284331510e+00  -3.1228703671715419e+00   2.7478238044645766e+00   1.0866180126648171e+00   0.0000000000000000e+00
  -3.1041630034636425e+00  -1.6760463759370476e+00  -2.8930632490468891e+00  -1.3010380749742562e-01  -3.0358656504924375e+00   2.5601168197025319e+00  -3.1188887149407978e+00  -2.3109211552266626e-01   2.7614000830288408e+00   1.1126000385241961e+00   0.0000000000000000e+00   0.0000000000000000e+00
  -3.1049128152307413e+00  -1.6523113173141957e+00  -2.9033732960907375e+00  -1.0218889561551178e-01  -3.0400895623711333e+00   2.5773452895961735e+00  -3.1146565474623711e+00  -2.0301281492947149e-01   2.7747718967394501e+00   1.1384936727920256e+00   0.0000000000000000e+00   0.0000000000000000e+00
  -3.1054271204295589e+00  -1.6284469954717737e+00  -2.9134651248828067e+00  -7.4265396456410046e-02  -3.0440829244456484e+00   2.5943709939484489e+00  -3.1101741101706502e+00  -1.7491888079382106e-01   2.7879381297073533e+00   1.1642970042958236e+00   0.0000000000000000e+00   0.0000000000000000e+00
  -3.1057058133131403e+00  -1.6044551806776315e+00  -2.9233379831346316e+00  -4.6335495560890012e-02  -3.0478455836597562e+00   2.6111926071893397e+00  -3.1054416725324883e+00  -1.4681240620484406e-01   2.8008976805662362e+00   1.1900081204069941e+00   0.0000000000000000e+00   0.0000000000000000e+00
  -3.1057488055016709e+00  -1.5803376544404599e+00  -1.8401356122647521e-02  -3.0513774035313799e+00   2.6278088176763843e+00  -3.1004595249043017e+00  -1.1869548753649875e-01   2.8136494599674879e+00   1.2156251137096097e+00   0.0000000000000000e+00   0.0000000000000000e+00   0.0000000000000000e+00
  -3.1055560259949289e+00  -1.5560962054637455e+00   9.5348374415693462e-03  -3.0546782647579862e+00   2.6442183344352959e+00  -3.0952279826939648e+00  -9.0570220712942767e-02   2.8261923923607668e+00   1.2411460972110369e+00   0.0000000000000000e+00   0.0000000000000000e+00   0.0000000000000000e+00
  -9.2149276355516474e-01  -3.1051274211353008e+00  -1.5317326339001156e+00   3.7470912546917784e-02  -3.0577480646275652e+00   2.6604198811294082e+00  -3.0897473828118573e+00  -6.2438704276899203e-02   2.8385254188583424e+00   1.2665691789488545e+00   0.0000000000000000e+00   0.0000000000000000e+00
  -8.9546032786510199e-01  -3.1044629548507738e+00  -1.5072487545167512e+00   1.3928074215496800e+00   6.5404694506689634e-02   2.6764122011678464e+00  -3.0840180864276210e+00  -3.4303030572125942e-02   2.8506474917104434e+00   1.2918924835824519e+00   0.0000000000000000e+00   0.0000000000000000e+00
  -8.6935728204733598e-01  -1.4826463853953373e+00   1.4168982366705283e+00   9.3334006111378501e-02   2.6921940557460298e+00  -3.0780404762347220e+00  -6.1652971803886026e-03   2.8625575777699641e+00   1.3171141430361160e+00   0.0000000000000000e+00   0.0000000000000000e+00   0.0000000000000000e+00
  -8.4318551993759805e-01  -1.4579273564505846e+00   1.4408770178352968e+00  -2.0827615371103185e+00   1.2125667262588609e-01   2.7077642227370049e+00  -3.0718149589086496e+00   2.1972395997333923e-02   2.8742546592918194e+00   1.3422322911192466e+00   0.0000000000000000e+00   0.0000000000000000e+00
  -8.1694694171735904e-01  -1.4330935109860803e+00   1.4647420302725145e+00  -2.0618666572499746e+00   1.4917051820420604e-01   2.7231214975217037e+00   5.0107957667230404e-02   1.3672450819954811e+00   0.0000000000000000e+00   0.0000000000000000e+00   0.0000000000000000e+00   0.0000000000000000e+00
  -7.9064344816293286e-01  -1.4081466999199641e+00   1.4884915516076369e+00  -2.0408140917038153e+00   1.7707336295514148e-01  -2.9004876375886774e+00   2.7382646953296250e+00   7.8239283561353387e-02   1.3921506672584245e+00   0.0000000000000000e+00   0.0000000000000000e+00   0.0000000000000000e+00
  -7.6427694796700041e-01   2.8224957276051610e+00  -1.3830887811119135e+00   1.5121238663583656e+00  -2.0196054284210305e+00   2.0496303786276421e-01  -2.8882762277500511e+00   2.7531926498883688e+00   1.0636428671648883e-01   1.4169472161862229e+00   0.0000000000000000e+00   0.0000000000000000e+00
  -7.3784935922354322e-01   2.8346781612102960e+00  -1.3579216268706840e+00   1.5356372646649821e+00  -1.9982422685415606e+00   2.3283736970025129e-01  -2.8758422202970748e+00   2.7679042089798402e+00   1.3448086566989251e-01   1.4416329000805299e+00   0.0000000000000000e+00   0.0000000000000000e+00
  -7.1136259814830394e-01   2.8466430546820107e+00  -1.3326471152288109e+00   1.5590300551189979e+00  -1.9767262300949555e+00   2.6069418533594330e-01  -2.8631866060724627e+00   2.7823982425728833e+00   1.6258692995470905e-01   1.4662059052481609e+00   0.0000000000000000e+00   0.0000000000000000e+00
  -6.8481858947992058e-01   2.8583893750138007e+00  -1.3072671332184465e+00   1.5823005492707447e+00  -1.9550589336251707e+00   2.8853131134456578e-01  -2.8503103981969273e+00   1.9068038212315150e-01   1.4906644215003035e+00   0.0000000000000000e+00   0.0000000000000000e+00   0.0000000000000000e+00
  -6.5821926883308213e-01   2.8699161039494703e+00  -1.2817835816354488e+00   1.6054470716820697e+00  -1.9332420156413137e+00   3.1634658069569210e-01  -2.8372146213428131e+00   2.1875913124774557e-01   1.5150066536700781e+00   0.0000000000000000e+00   0.0000000000000000e+00   0.0000000000000000e+00
  -6.3156656520816934e-01   2.8812222404051528e+00  -1.2561983633112213e+00   1.6284679611300872e+00  -1.9112771290077601e+00   3.4413782243394725e-01  -2.8239003226194619e+00   2.4682108664063387e-01   1.5392308136787356e+00   0.0000000000000000e+00   0.0000000000000000e+00   0.0000000000000000e+00
  -6.0486242436742221e-01   2.8923068047115024e+00  -1.2305133939052324e+00   1.6513615563299757e+00  -1.8891659299615882e+00   3.7190287519981918e-01  -2.8103685625516248e+00   2.7486415909086731e-01   1.5633351204707764e+00   0.0000000000000000e+00   0.0000000000000000e+00   0.0000000000000000e+00
  -5.7810879113472713e-01   2.9031688276147696e+00  -1.2047306001755973e+00   1.6741262161078696e+00  -1.8669100908989935e+00   3.9963956502565318e-01  -2.7966204222589948e+00  -3.2751796257967229e+00   3.0288625426398591e-01   1.5873178051380097e+00   0.0000000000000000e+00   0.0000000000000000e+00
  -5.5130761252963090e-01   2.9138073632916375e+00  -1.1788519111028697e+00   1.6967603086431700e+00  -1.8445112916805038e+00   4.2734574155515587e-01  -2.7826569938834096e+00  -3.2768765881007287e+00   3.3088529094681951e-01   1.6111771147870433e+00   0.0000000000000000e+00   0.0000000000000000e+00
  -5.2446084009224192e-01   2.9242214796601043e+00   1.7192622083503246e+00  -1.8219712248135038e+00   4.5501923818498774e-01  -2.7684793931647542e+00  -3.2783140042036782e+00   3.5885918227521613e-01   1.6349112949585978e+00   0.0000000000000000e+00   0.0000000000000000e+00   0.0000000000000000e+00
  -4.9757044024140656e-01   2.9344102627485822e+00   1.7416303021918742e+00  -1.7992915938936480e+00   4.8265789869159414e-01  -2.7540887488924599e+00  -3.2794917548164637e+00   3.8680584353645286e-01   1.6585186082008858e+00   0.0000000000000000e+00   0.0000000000000000e+00   0.0000000000000000e+00
  -4.7063837077318538e-01   2.9443728177253079e+00   1.7638629913276802e+00  -1.7764741133127060e+00   5.1025956886149670e-01  -2.7394862068532748e+00  -3.2804097435396429e+00   4.1472319495329768e-01   1.6819973226374978e+00   0.0000000000000000e+00   0.0000000000000000e+00   0.0000000000000000e+00
  -4.4366660159169874e-01   2.9541082648326706e+00   1.7859586796813418e+00  -1.7535205081417244e+00   5.3782209676594461e-01  -2.7246729291039258e+00  -3.2810678964758218e+00   4.4260915284384622e-01   1.7053457241685728e+00   0.0000000000000000e+00   0.0000000000000000e+00   0.0000000000000000e+00
  -4.1665710107055820e-01   2.9636157450979375e+00   1.8079157914037431e+00  -1.7304325135900713e+00   5.6534333156517691e-01  -2.7096500965283847e+00  -3.2814661624773671e+00   4.7046164554666514e-01   0.0000000000000000e+00   0.0000000000000000e+00   0.0000000000000000e+00   0.0000000000000000e+00
  -3.8961185083269562e-01   2.9728944155935104e+00   1.8297327560182086e+00  -1.7072118730596635e+00   5.9282112916571206e-01  -2.6944189021945490e+00  -3.2816045131317990e+00   4.9827859462128699e-01   0.0000000000000000e+00   0.0000000000000000e+00   0.0000000000000000e+00   0.0000000000000000e+00
  -3.6253282241184720e-01   2.9819434521780397e+00  -2.8735044572727881e+00   1.8514080148506749e+00  -1.6838603463346191e+00   6.2025334374996988e-01  -2.6789805592584153e+00  -3.2814829424822598e+00   5.2605792884060443e-01   0.0000000000000000e+00   0.0000000000000000e+00   0.0000000000000000e+00
  -3.3542200667852989e-01   2.9907620484317743e+00  -2.8846805297781497e+00   1.8729400274367709e+00  -1.6603796965775308e+00   6.4763784132134994e-01  -2.6633362960256708e+00  -3.2811014674631531e+00   5.5379757835357979e-01   0.0000000000000000e+00   0.0000000000000000e+00   0.0000000000000000e+00
  -3.0828138356857276e-01   2.9993494171355017e+00  -2.8956370828801736e+00   1.8943272507885787e+00  -1.6367716960504159e+00   6.7497248423216349e-01  -2.6474873539962616e+00  -3.2804601275383587e+00   1.8042280402997051e+00   0.0000000000000000e+00   0.0000000000000000e+00   0.0000000000000000e+00
  -2.8111294739926362e-01   3.0077047875300247e+00  -2.9063732938820408e+00   1.9155681651172141e+00  -1.6130381351012952e+00   7.0225514270952238e-01  -2.6314349929115748e+00  -3.2795589850462847e+00   1.7816314346495477e+00  -2.5176660939745887e+00   0.0000000000000000e+00   0.0000000000000000e+00
  -2.5391869051852650e-01   3.0158274093354858e+00  -2.9168883610156384e+00   1.9366612598840347e+00  -1.5891808082596965e+00  -2.6151804899192284e+00  -3.2783981246294629e+00   1.7588994473917046e+00  -2.5352654562540344e+00   0.0000000000000000e+00   0.0000000000000000e+00   0.0000000000000000e+00
  -2.2670060956714691e-01   3.0237165499459064e+00  -2.9271814936255525e+00   1.9576050315013336e+00  -1.5652015163974371e+00  -2.5987251350112013e+00  -3.2769776538962030e+00   1.7360337548767673e+00  -2.5526592513750050e+00   0.0000000000000000e+00   0.0000000000000000e+00   0.0000000000000000e+00
  -1.9946070267374888e-01   3.0313714947964154e+00  -2.9372519215666864e+00   1.9783979924891866e+00  -1.5411020752926781e+00  -2.5820702343619311e+00  -3.2752977028702754e+00   1.7130360409864276e+00  -2.5698463206931605e+00   0.0000000000000000e+00   0.0000000000000000e+00   0.0000000000000000e+00
  -1.7220097327895678e-01   3.0387915494254583e+00  -2.9470988888985743e+00   1.9990386651647623e+00  -1.5168843096799773e+00  -2.5652171102794088e+00  -3.2733584243699205e+00   1.6899080022937556e+00  -2.5868255238730069e+00   0.0000000000000000e+00   0.0000000000000000e+00   0.0000000000000000e+00
  -1.4492342924728091e-01   3.0459760366598205e+00  -2.9567216581611389e+00   2.0195255848093137e+00  -1.4925500478660654e+00  -3.9169120860692869e-01  -2.5481671007557671e+00  -3.2711599935237969e+00   1.6666513433378582e+00   3.0755957033431089e+00  -2.6035957395243585e+00  -1.8835575915524843e+00
  -1.1763007621922311e-01   3.0529242989853742e+00  -2.9661195080110057e+00   2.0398572975013511e+00  -1.4681011367199761e+00  -4.1841877434650981e-01  -2.5309215562427489e+00  -3.2687026084081845e+00   1.6432677758260754e+00   3.0674477877015751e+00  -2.6201558626503543e+00  -1.9058454471020707e+00
  -9.0322927182163018e-02   3.0596356982760220e+00  -2.9752917329411397e+00   2.0600323633931783e+00  -1.4435394226396696e+00  -4.4511598913366607e-01  -2.5134818461607766e+00  -3.2659864892014192e+00   1.6197590301249969e+00   3.0590635648047249e+00  -2.6365048110109841e+00  -1.9279987829662779e+00
  -6.3003993458457655e-02   3.0661096145501250e+00  -2.9842376450631600e+00   2.0800493506830788e+00  -1.4188667662856815e+00  -4.7178106221930505e-01  -2.4958493518003890e+00  -3.2630118791475433e+00   1.5961268366668087e+00   3.0504437177769939e+00  -2.6526415195299204e+00  -1.9500158844513855e+00
  -3.5675290146151839e-02   3.0723454480204655e+00  -2.9929565741055355e+00   2.0999068433754062e+00  -1.3940850320449116e+00  -4.9841220310443329e-01  -3.2597790433354521e+00   1.5723729372053117e+00   3.0415889482954195e+00  -2.6685649448990811e+00  -1.9718950497694721e+00   0.0000000000000000e+00
  -8.3388393878748128e-03   3.0783426163874075e+00  -3.0014478659314663e+00   2.1196034363396161e+00  -1.3691960990918481e+00  -5.2500761553968189e-01  -2.0641579761437605e-03  -3.2562882697516966e+00   1.5484990841636339e+00   3.0324999745917318e+00  -2.6842740577312805e+00  -1.9936345793070933e+00
   3.0841005590919828e+00  -3.0097108824552281e+00   2.1391377368978648e+00  -1.3442018519067609e+00  -5.5156552154827976e-01  -3.1217613080466698e-02  -3.2525398687344973e+00   1.5245070397131337e+00   3.0231775358297273e+00  -2.6997678529643818e+00  -2.0152327832428765e+00   0.0000000000000000e+00
   3.0896187326182210e+00  -3.0177450039075309e+00   2.1585083642388572e+00  -5.7808413144460535e-01  -6.0367715714001811e-02  -3.2485341730800683e+00   1.5003985736868584e+00   3.0136223871826635e+00  -2.7150453443215041e+00  -2.0366879753672866e+00   0.0000000000000000e+00   0.0000000000000000e+00
