   2.0417522227000001e+04   2.3357569039000002e+04   1.8427079819999999e+04   1.7924124078000001e+04   2.0548362430000001e+04   1.8424969062000000e+04   2.0073067359000001e+04   2.1451292805000001e+04   1.9619591516000000e+04   0.0000000000000000e+00   0.0000000000000000e+00   0.0000000000000000e+00
   1.9998957945000002e+04   1.8162937133000003e+04   1.7991081094000001e+04   2.0838957914000002e+04   1.8584701616999999e+04   1.9960150859000001e+04   2.1598126859000000e+04   1.9335615710999999e+04   0.0000000000000000e+00   0.0000000000000000e+00   0.0000000000000000e+00   0.0000000000000000e+00
   1.9607316352000002e+04   1.7943815094000001e+04   1.8102537625000001e+04   2.1157017804999999e+04   1.8781185461000001e+04   1.9866904296999997e+04   2.1760823171999997e+04   1.9076680203000000e+04   0.0000000000000000e+00   0.0000000000000000e+00   0.0000000000000000e+00   0.0000000000000000e+00
   1.9246602460999999e+04   1.7772592758000003e+04   1.8257144195000001e+04   2.1499604570000000e+04   1.9012075180000000e+04   1.9794124694999999e+04   2.1938747671999998e+04   1.8844704765999999e+04   0.0000000000000000e+00   0.0000000000000000e+00   0.0000000000000000e+00   0.0000000000000000e+00
   1.8920739883000002e+04   1.7651609758000002e+04   1.8453078109000002e+04   2.1863684772999997e+04   1.9274757249999999e+04   1.9742496866999998e+04   2.2131183616999999e+04   1.8641457781000001e+04   0.0000000000000000e+00   0.0000000000000000e+00   0.0000000000000000e+00   0.0000000000000000e+00
   1.8633484977000000e+04   1.7582578070000000e+04   1.8688102859000002e+04   2.2246166703000003e+04   1.9566408938000000e+04   1.9712581835999998e+04   2.2337338460999999e+04   1.8468519155999998e+04   0.0000000000000000e+00   0.0000000000000000e+00   0.0000000000000000e+00   0.0000000000000000e+00
   1.8388332703000000e+04   1.7566513039000001e+04   1.8959632031000001e+04   2.2643950523000000e+04   1.9884063484000002e+04   1.9704808453000001e+04   2.2556353789000001e+04   1.8327246374999999e+04   0.0000000000000000e+00   0.0000000000000000e+00   0.0000000000000000e+00   0.0000000000000000e+00
   1.8188418078000002e+04   2.2461453765999999e+04   1.7603690680000000e+04   1.9264806922000000e+04   2.3053954758000000e+04   2.0224667218999999e+04   1.9719464344000000e+04   2.2787305765999998e+04   1.8218745022999999e+04   0.0000000000000000e+00   0.0000000000000000e+00   0.0000000000000000e+00
   1.8036412585999999e+04   2.1969032234000002e+04   1.7693634555000001e+04   1.9600560719000001e+04   2.3473154812000001e+04   2.0585125866999999e+04   1.9756688875000000e+04   2.3029219383000000e+04   1.8143834219000000e+04   0.0000000000000000e+00   0.0000000000000000e+00   0.0000000000000000e+00
   1.7934432789000002e+04   2.1487386664000001e+04   1.7835138703000001e+04   2.2847275133000003e+04   1.9963689710999999e+04   2.0962352453000003e+04   1.9816471406000001e+04   2.3281074258000001e+04   1.8103028163999999e+04   0.0000000000000000e+00   0.0000000000000000e+00   0.0000000000000000e+00
   1.7883960944999999e+04   2.1020124789000001e+04   1.8026310586000000e+04   2.2503431031000000e+04   2.0350914366999998e+04   2.1353301374999999e+04   1.9898648039000000e+04   2.3541812750000001e+04   2.3135411773000000e+04   1.8096523413999999e+04   0.0000000000000000e+00   0.0000000000000000e+00
   1.7885783656000000e+04   2.0570979890999999e+04   1.8264654546999998e+04   2.2168102156000001e+04   2.0758933211000000e+04   2.1755003874999999e+04   2.0002909718999999e+04   2.2799782125000002e+04   1.8124190734000000e+04   0.0000000000000000e+00   0.0000000000000000e+00   0.0000000000000000e+00
   1.7939964969000001e+04   2.0143772008000000e+04   1.8547155578000002e+04   2.1842901664000001e+04   2.1184469125000000e+04   2.2779683477000002e+04   2.2164581679999999e+04   2.0128798624999999e+04   2.2469251663999999e+04   1.8185577187999999e+04   0.0000000000000000e+00   0.0000000000000000e+00
   1.8045836500000001e+04   1.9742374070000002e+04   1.8870386477000000e+04   2.1529449694999999e+04   2.1624302116999999e+04   2.2292370780999998e+04   2.2579274383000000e+04   2.0275721953000000e+04   2.2145945500000002e+04   1.8279922703000000e+04   0.0000000000000000e+00   0.0000000000000000e+00
   1.8202031703000001e+04   1.9370651078000003e+04   1.9230609397999997e+04   2.1229359828000001e+04   2.2075302680000001e+04   2.1812351429999999e+04   2.0442954421999999e+04   2.1832058671999999e+04   1.8406172633000002e+04   0.0000000000000000e+00   0.0000000000000000e+00   0.0000000000000000e+00
   1.8406535374999999e+04   1.9032395117000000e+04   1.9623877508000001e+04   2.0944226328000001e+04   2.2534456875000000e+04   2.1343057633000000e+04   2.0629651477000003e+04   2.1529843820000002e+04   1.8563012194999999e+04   0.0000000000000000e+00   0.0000000000000000e+00   0.0000000000000000e+00
   1.8656763741999999e+04   1.8731247828000003e+04   2.0046129953000003e+04   2.0675607383000002e+04   2.0888065061999998e+04   2.0834866335999999e+04   2.1241595390999999e+04   1.8748893061999999e+04   0.0000000000000000e+00   0.0000000000000000e+00   0.0000000000000000e+00   0.0000000000000000e+00
   1.8949653890999998e+04   1.8470615194999998e+04   2.0493264296999998e+04   2.0425011921999998e+04   2.0451072461000000e+04   2.1057551890999999e+04   2.0969618429999999e+04   1.8962069359000001e+04   0.0000000000000000e+00   0.0000000000000000e+00   0.0000000000000000e+00   0.0000000000000000e+00
   1.9281766984000002e+04   1.8253568749999999e+04   2.0961209766000000e+04   2.0193877320000000e+04   2.0035872772999999e+04   2.2425445828000000e+04   2.1296584383000001e+04   2.0716214663999999e+04   1.9200638828000003e+04   0.0000000000000000e+00   0.0000000000000000e+00   0.0000000000000000e+00
   1.9649378671999999e+04   1.8082755539000002e+04   2.1445979772999999e+04   1.9983554773000000e+04   1.9646302772999999e+04   2.2181667390999999e+04   2.1550769227000001e+04   2.0483642758000002e+04   1.9462575124999999e+04   0.0000000000000000e+00   0.0000000000000000e+00   0.0000000000000000e+00
   2.0048586367000000e+04   1.7960308062000000e+04   2.1943702469000000e+04   1.9795286179999999e+04   1.9286193852000000e+04   2.1947678039000002e+04   2.1818855609000002e+04   2.0274095085999998e+04   1.9745764539000000e+04   0.0000000000000000e+00   0.0000000000000000e+00   0.0000000000000000e+00
   2.0475389195000000e+04   1.7887766116999999e+04   2.2450666234000000e+04   1.9630191133000000e+04   1.8959305383000003e+04   2.1724435116999997e+04   2.2099556734000002e+04   2.0089655750000002e+04   2.0048044078000003e+04   0.0000000000000000e+00   0.0000000000000000e+00   0.0000000000000000e+00
   2.0925760624999999e+04   1.7866020664000000e+04   2.2963327359000003e+04   1.9489244491999998e+04   1.8669246109000000e+04   2.1512854383000002e+04   2.2391546719000002e+04   1.9932267460999999e+04   2.0367225999999999e+04   0.0000000000000000e+00   0.0000000000000000e+00   0.0000000000000000e+00
   2.1395711210999998e+04   1.7895272038999999e+04   1.9373261102000000e+04   2.2868671211000001e+04   1.8419388633000002e+04   2.1313812765999999e+04   2.2693486671999999e+04   1.9803691835999998e+04   2.0701124352000003e+04   0.0000000000000000e+00   0.0000000000000000e+00   0.0000000000000000e+00
   2.1881339508000001e+04   1.7975029352000001e+04   1.9282881008000000e+04   2.2642391061999999e+04   1.8212779484000002e+04   2.1128132171999998e+04   2.3004021843999999e+04   1.9705473039000000e+04   2.1047579977000001e+04   0.0000000000000000e+00   0.0000000000000000e+00   0.0000000000000000e+00
   2.2378865358999999e+04   1.8104125680000001e+04   2.2958783414000001e+04   1.9218558241999999e+04   2.2423966984000002e+04   1.8052043624999998e+04   2.0956579688000002e+04   2.3321793397999998e+04   1.9638903781000001e+04   2.1404478539000000e+04   0.0000000000000000e+00   0.0000000000000000e+00
   1.8280761397999999e+04   2.2486689328000000e+04   1.9180551906000001e+04   2.2214218820000002e+04   1.7939298811999997e+04   2.0799857133000001e+04   2.3645462374999999e+04   2.2858941241999997e+04   1.9604993734000000e+04   2.1769761897999997e+04   2.3377803210999999e+04   0.0000000000000000e+00
   1.8502580805000001e+04   2.2025541664000000e+04   1.9168923890999999e+04   2.2013944453000000e+04   1.7876080133000003e+04   2.0658595000000001e+04   2.2493148836000000e+04   1.9604448375000000e+04   2.2141443866999998e+04   2.3260047921999998e+04   0.0000000000000000e+00   0.0000000000000000e+00
   1.8766744648000000e+04   2.1578854397999999e+04   1.9183534531000001e+04   2.1823926125000002e+04   1.7863280414000001e+04   2.0533347734000003e+04   2.2131093765999998e+04   1.9637647155999999e+04   2.3159951585999999e+04   0.0000000000000000e+00   0.0000000000000000e+00   0.0000000000000000e+00
   2.2785433805000001e+04   1.9070032429999999e+04   2.1150231866999999e+04   1.9224048609000001e+04   2.1644913891000000e+04   1.7901117710999999e+04   2.0424586921999999e+04   2.1838501102000002e+04   2.1774639999999999e+04   1.9704638272999997e+04   2.3078044844000000e+04   0.0000000000000000e+00
   2.2338025414000000e+04   1.9408931102000002e+04   2.0743338055000000e+04   1.9289943772999999e+04   2.1477628741999997e+04   1.7989125296999999e+04   2.0332697616999998e+04   2.1352575031000000e+04   2.1425730742000000e+04   1.9805135296999997e+04   2.3014694086000000e+04   0.0000000000000000e+00
   2.1898028602000002e+04   1.9779728405999998e+04   2.0361854070000001e+04   1.9380519991999998e+04   2.1322753561999998e+04   1.8126173766000000e+04   2.0257975938000000e+04   2.0880307765999998e+04   2.1086376694999999e+04   1.9938526265999997e+04   2.2970093929999999e+04   0.0000000000000000e+00
   2.1468380811999999e+04   2.0178597375000001e+04   2.0009426477000001e+04   1.9494913905999998e+04   2.1180930633000000e+04   1.8310513179999998e+04   2.0200621664000002e+04   2.0425519039000003e+04   2.0758646022999998e+04   2.0103891141000000e+04   2.2055067727000001e+04   2.2944263758000001e+04
   2.1052136147999998e+04   2.0601670586000000e+04   1.9689600414000000e+04   1.9632113625000002e+04   2.1052755413999999e+04   1.8539839000000000e+04   2.0160745438000002e+04   1.9992125758000002e+04   2.0444651836000001e+04   2.0300022461000000e+04   2.1634878866999999e+04   2.2937055179999999e+04
   2.0652435195000002e+04   2.1045096750000001e+04   1.9405753772999997e+04   1.9790984461000000e+04   2.0938770633000000e+04   1.8811373460999999e+04   2.0138360055000001e+04   1.9584106852000001e+04   2.0146534344000000e+04   2.0525453772999997e+04   2.1224055656000000e+04   2.2948146694999999e+04
   2.0272486086000001e+04   2.1505099508000003e+04   1.9161011703000000e+04   1.9970277234000001e+04   2.0839465397999997e+04   1.9121957453000003e+04   2.0133385102000000e+04   1.9205446312000000e+04   1.9866442133000000e+04   2.0778493569999999e+04   2.0824961820000000e+04   2.2977054133000001e+04
   1.9915526765999999e+04   2.1978007133000003e+04   1.8958170984000000e+04   2.0168656772999999e+04   2.0755264772999999e+04   1.9468137102000001e+04   2.0145649977000001e+04   1.8860065688000002e+04   1.9606503241999999e+04   2.1057258765999999e+04   2.0440022328000003e+04   2.3023137194999999e+04
   1.9584781515999999e+04   2.2460282984000001e+04   1.8799613211000000e+04   2.0384717772999997e+04   2.0686532789000001e+04   1.9846260930000000e+04   2.0174896133000002e+04   1.8551746992000000e+04   1.9368806640999999e+04   2.1359711061999998e+04   2.0071712602000003e+04   2.3085607727000002e+04
   1.9283415938000002e+04   2.2948552390999997e+04   1.8687232711000001e+04   2.0617002852000001e+04   2.0633561570000002e+04   2.0252555335999998e+04   2.0220779562000000e+04   1.8284041227000002e+04   1.9155360516000001e+04   2.1683692241999997e+04   1.9722532883000000e+04   2.3163550046999997e+04
   1.9014472772999998e+04   1.8622367945000002e+04   2.0864021719000000e+04   2.0596574914000001e+04   2.0683198570000000e+04   2.0282878281000001e+04   1.8060170812000000e+04   1.8968071780999999e+04   2.2026951461000001e+04   1.9394983179999999e+04   2.3255923680000000e+04   0.0000000000000000e+00
   1.8780813500000000e+04   1.8605756898000000e+04   2.1124268820000001e+04   2.0575720477000003e+04   2.1134382969000002e+04   2.0360698445000002e+04   1.7882935335999999e+04   1.8808698750000000e+04   2.2387189820000000e+04   1.9091532578000002e+04   2.3361587430000000e+04   0.0000000000000000e+00
   1.8585044633000001e+04   2.0550324094000000e+04   1.8637505297000000e+04   2.1396231703000001e+04   2.0571074811999999e+04   2.1602361602000001e+04   2.0453679625000001e+04   1.7754607516000000e+04   1.8678824836000000e+04   2.2762072272999998e+04   1.8814580445000000e+04   2.3479309195000002e+04
   1.8429453039000000e+04   2.0350790219000002e+04   1.8717084984000001e+04   2.1678411734000001e+04   2.0582634789000000e+04   2.2083488046999999e+04   2.0561202609000000e+04   1.7676856969000000e+04   1.8579821296999999e+04   2.3149257616999999e+04   1.8566419031000001e+04   2.3607786680000001e+04
   1.8315938930000000e+04   2.0177800992000000e+04   1.8843354296999998e+04   2.1969327647999999e+04   2.0610324765999998e+04   2.2574244039000001e+04   2.0682596530999999e+04   1.7650680711000001e+04   1.8512812460999998e+04   2.3546425602000003e+04   1.8349187539000002e+04   0.0000000000000000e+00
   1.8245953546999997e+04   2.0033334227000003e+04   1.9014593852000002e+04   2.2267529194999999e+04   2.0653991586000000e+04   2.3071258977000001e+04   2.0817144844000002e+04   1.7676361922000000e+04   1.8478654828000002e+04   1.8164826109000001e+04   2.0421446977000003e+04   0.0000000000000000e+00
   1.8220453734000002e+04   1.9919155030999998e+04   1.9228569977000003e+04   2.2571603210999998e+04   2.0713410805000000e+04   2.0964094758000003e+04   1.7753459897999997e+04   1.8477910328000002e+04   1.8015029586000001e+04   2.0302432710999998e+04   0.0000000000000000e+00   0.0000000000000000e+00
   1.8239870210999998e+04   1.9836769758000002e+04   1.9482606578000003e+04   2.2880180366999997e+04   2.0788287866999999e+04   2.1122666819999999e+04   1.7880823719000000e+04   1.8510831930000000e+04   2.0411306953000003e+04   1.7901205844000000e+04   2.0220305969000001e+04   0.0000000000000000e+00
   1.8304089265999999e+04   1.9787394430000000e+04   1.9773665805000001e+04   2.3191934352000000e+04   2.0878258397999998e+04   2.2430967210999999e+04   2.1292053438000003e+04   1.8056642969000000e+04   1.8577359015999999e+04   2.0225438733999999e+04   1.7824431866999999e+04   2.0176024022999998e+04
   1.8412460460999999e+04   1.9771923648000000e+04   2.0098431366999997e+04   2.0982895828000001e+04   2.1976850366999999e+04   2.1471434195000002e+04   1.8278509477000003e+04   1.8677116844000000e+04   2.0074755484000001e+04   1.7785430508000001e+04   2.0170119102000001e+04   0.0000000000000000e+00
   1.8563815156000001e+04   1.9790906265999998e+04   2.0453391147999999e+04   2.1101713390999998e+04   2.1535230539000000e+04   2.1659978265999998e+04   1.8543515875000001e+04   1.8809429241999998e+04   1.9960831242000000e+04   1.7784540133000002e+04   2.0202679461000000e+04   0.0000000000000000e+00
   1.8756512484000003e+04   1.9844533281000000e+04   2.0834912508000001e+04   2.1453812125000000e+04   2.1234169812000000e+04   2.1109710780999998e+04   2.1856848078000003e+04   1.8848342897999999e+04   1.8973330991999999e+04   1.9884852085999999e+04   1.7821711992000000e+04   2.0273349445000000e+04
   1.8988484570000001e+04   1.9932632633000001e+04   2.1239306796999997e+04   2.1061964039000002e+04   2.1379674977000002e+04   2.0703979671999998e+04   2.2061209804999999e+04   1.9189362765999998e+04   1.9167595508000002e+04   1.9847575227000001e+04   1.7896504430000001e+04   2.0381338241999998e+04
   1.9257302430000000e+04   2.0054669125000000e+04   2.1662887343999999e+04   2.0682676727000002e+04   2.1537589250000001e+04   2.0321772852000002e+04   2.2272230820000001e+04   1.9562735000000001e+04   1.9390760664000001e+04   1.9849309953000000e+04   1.8008094258000001e+04   2.0525439328000000e+04
   1.9560245844000001e+04   2.0209767102000002e+04   2.2102022796999998e+04   2.0318180820000001e+04   2.1707238039000000e+04   1.9966823366999997e+04   2.2489089852000001e+04   1.9964498250000001e+04   1.9641162780999999e+04   1.9889905016000001e+04   1.8155311570000002e+04   2.0704071594000001e+04
   1.9894367054999999e+04   2.0396725828000002e+04   2.2553169102000003e+04   1.9970736609000000e+04   2.1887912022999997e+04   1.9642807874999999e+04   2.2710976016000001e+04   2.0390646929999999e+04   1.9916968148000000e+04   1.9968759085999998e+04   1.8336659491999999e+04   2.0915312968999999e+04
   2.0256561000000002e+04   2.0614053530999998e+04   2.3012896602000001e+04   1.9642602811999997e+04   2.2078869546999998e+04   1.9353265374999999e+04   2.2937096280999998e+04   2.0837197031000000e+04   2.0216211811999998e+04   2.0084827390999999e+04   1.8550364719000001e+04   2.1156950117000000e+04
   2.0643626625000001e+04   2.0860001405999999e+04   2.3477920844000000e+04   1.9336018554999999e+04   2.2279348624999999e+04   1.9101529866999997e+04   2.3166672984000001e+04   2.1300234594000001e+04   2.0536825046999998e+04   2.0236663055000001e+04   1.8794417187999999e+04   2.1426534991999997e+04
   2.1052318483999999e+04   2.1132598211000000e+04   1.9053170289000002e+04   2.2488565219000000e+04   1.8890638944999999e+04   2.1775965883000001e+04   2.0876667914000001e+04   2.0422448430000000e+04   1.9066618586000001e+04   2.1721424616999997e+04   0.0000000000000000e+00   0.0000000000000000e+00
   2.1479395703000002e+04   2.1429694015999998e+04   2.1604961397999999e+04   1.8796161414000002e+04   2.2705723022999999e+04   1.8723250516000000e+04   2.2317940061999998e+04   2.2260739890999997e+04   2.1233565194999999e+04   2.0640046311999999e+04   1.9364626070000002e+04   2.2038847156000000e+04
   2.1921661172000000e+04   2.1748997734000000e+04   2.1236403796999999e+04   1.8566972758000000e+04   2.2930015711000000e+04   1.8601562397999998e+04   2.1842120429999999e+04   2.2751067094000002e+04   2.1605320640999998e+04   2.0887050030999999e+04   1.9686001164000001e+04   2.2375933836000000e+04
   2.2375988945000001e+04   2.2088117484000002e+04   2.0887722266000001e+04   1.8367429734000001e+04   2.3160627820000002e+04   1.8527236055000001e+04   2.1376071727000002e+04   2.1989745578000002e+04   2.1160841561999998e+04   2.0028247421999997e+04   2.2729774867000000e+04   0.0000000000000000e+00
   2.2444589984000002e+04   2.0561467499999999e+04   1.8199161647999998e+04   2.3396745227000003e+04   1.8501338977000003e+04   2.0923317999999999e+04   2.2384675859000003e+04   2.1458638546999999e+04   2.0388846444999999e+04   2.3097442522999998e+04   0.0000000000000000e+00   0.0000000000000000e+00
   2.2815914922000000e+04   2.0260116508000003e+04   1.8063564429999999e+04   1.8524306602000001e+04   2.0487511828000002e+04   2.2073415710999998e+04   2.2787987789000003e+04   2.1777551430000000e+04   2.0765289867000000e+04   2.3476041453000002e+04   0.0000000000000000e+00   0.0000000000000000e+00
   2.3199586718999999e+04   1.9986030422000000e+04   1.7961767680000001e+04   1.8595926718999999e+04   2.0072399344000001e+04   2.1912938085999998e+04   2.2114626109000001e+04   2.1155103320000002e+04   0.0000000000000000e+00   0.0000000000000000e+00   0.0000000000000000e+00   0.0000000000000000e+00
   1.9741415508000002e+04   1.7894606383000002e+04   2.2814490266000001e+04   1.8715346477000003e+04   1.9681786578000003e+04   2.1772566188000001e+04   2.2466886164000000e+04   2.1555871477000001e+04   0.0000000000000000e+00   0.0000000000000000e+00   0.0000000000000000e+00   0.0000000000000000e+00
   2.3107129038999999e+04   1.9528278016000000e+04   1.7862597242000000e+04   2.2709921812000001e+04   1.8881108609000003e+04   1.9319482414000002e+04   2.1652935438000000e+04   2.2831371772999999e+04   2.1965253438000000e+04   0.0000000000000000e+00   0.0000000000000000e+00   0.0000000000000000e+00
   2.2856366391000000e+04   1.9348377055000001e+04   1.7865923311999999e+04   2.2615516977000003e+04   1.9091201929999999e+04   1.8989241429999998e+04   2.1554506069999999e+04   2.3205165069999999e+04   2.2380988625000002e+04   0.0000000000000000e+00   0.0000000000000000e+00   0.0000000000000000e+00
   2.2608093397999997e+04   1.9203189531000000e+04   1.7904433555000000e+04   2.2532359688000000e+04   1.9343129280999998e+04   1.8694685664000001e+04   2.1477561772999998e+04   2.2800908522999998e+04   0.0000000000000000e+00   0.0000000000000000e+00   0.0000000000000000e+00   0.0000000000000000e+00
   2.2363383352000001e+04   1.9093868133000000e+04   1.7977642945000000e+04   2.2461497367000000e+04   1.9633994734000000e+04   1.8439224750000001e+04   2.1422207328000000e+04   2.3222957977000002e+04   0.0000000000000000e+00   0.0000000000000000e+00   0.0000000000000000e+00   0.0000000000000000e+00
   2.2123349905999999e+04   2.2815416734000002e+04   1.9021211469000002e+04   1.8084748296999998e+04   2.2403907147999998e+04   1.9960578641000000e+04   1.8225965969000001e+04   2.1388362679999998e+04   0.0000000000000000e+00   0.0000000000000000e+00   0.0000000000000000e+00   0.0000000000000000e+00
   2.1889147272999999e+04   2.2619009296999997e+04   1.8985644749999999e+04   1.8224651741999998e+04   2.2360508366999999e+04   2.0319430656000000e+04   1.8057623546999999e+04   2.1375769953000003e+04   0.0000000000000000e+00   0.0000000000000000e+00   0.0000000000000000e+00   0.0000000000000000e+00
   2.1661958366999999e+04   2.2441147695000000e+04   1.8987202430000001e+04   1.8395985219000002e+04   2.2332117133000000e+04   2.0706942500000001e+04   1.7936430258000000e+04   2.1383997711000000e+04   2.3002642070000002e+04   0.0000000000000000e+00   0.0000000000000000e+00   0.0000000000000000e+00
   2.1442997578000002e+04   2.2283071742000000e+04   1.9025532625000000e+04   1.8597149609000000e+04   2.2319464367000000e+04   2.1119424811999997e+04   1.7864058499999999e+04   2.1412446055000000e+04   2.2666259211000001e+04   2.2424769164000001e+04   0.0000000000000000e+00   0.0000000000000000e+00
   2.1233493359000000e+04   2.2145858155999998e+04   1.9099903070000000e+04   1.8826349984000000e+04   2.2323168969000002e+04   2.1553167469000000e+04   1.7841561188000000e+04   2.1460363484000001e+04   2.2344844022999998e+04   2.1947637875000000e+04   2.2696662069999998e+04   0.0000000000000000e+00
   2.1034694195000000e+04   2.2030407897999998e+04   1.9209222109000002e+04   1.9081632000000001e+04   2.2343732352000003e+04   2.2004489311999998e+04   1.7869329008000001e+04   2.1526858258000000e+04   2.2040568585999998e+04   2.1482774883000002e+04   2.2300179897999999e+04   0.0000000000000000e+00
   2.0847841891000000e+04   2.1937420289000002e+04   1.9352073366999997e+04   1.9360923680000000e+04   2.2381526695000000e+04   2.2469782015999997e+04   1.7947079624999998e+04   2.1610908930000001e+04   2.1755537155999999e+04   2.1033790234000000e+04   2.1908550171999999e+04   0.0000000000000000e+00
   2.0674174359000001e+04   2.1867393522999999e+04   1.9526744280999999e+04   1.9662070758000002e+04   2.2436797515999999e+04   1.8073865133000003e+04   2.1711391234000002e+04   2.1491768578000003e+04   2.0604389680000000e+04   2.1523812453000002e+04   0.0000000000000000e+00   0.0000000000000000e+00
   2.0514908046999997e+04   2.1820608703000002e+04   1.9731273616999999e+04   1.9982865679999999e+04   2.2509648523000000e+04   1.8248112695000000e+04   2.1827083008000001e+04   2.1251155320000002e+04   2.0198335999999999e+04   2.1148085508000000e+04   2.2229208289000002e+04   0.0000000000000000e+00
   2.0371226664000002e+04   2.1797128445000002e+04   1.9963495797000000e+04   2.0321084897999997e+04   2.2600043688000002e+04   1.8467684741999998e+04   2.1956690030999998e+04   2.1035443766000000e+04   1.9819404140999999e+04   2.0783560867000000e+04   2.1737409030999999e+04   0.0000000000000000e+00
   2.0244262890999998e+04   2.1796792727000000e+04   2.0221085265999998e+04   2.0674506366999998e+04   2.2707807977000000e+04   1.8729951109000001e+04   2.2098862765999998e+04   2.0846197227000001e+04   1.9471323147999999e+04   2.0432491961000000e+04   2.1258743289000002e+04   0.0000000000000000e+00
   2.0135091671999999e+04   2.1819224070000000e+04   2.0501601844000001e+04   2.1040938054999999e+04   2.2832625609000002e+04   1.9031881352000000e+04   2.2252210797000000e+04   2.0684769547000000e+04   1.9157706859000002e+04   2.0097176531000001e+04   2.0796998445000001e+04   0.0000000000000000e+00
   2.0044709219000000e+04   2.1863839015999998e+04   2.0802529194999999e+04   2.1418229397999999e+04   2.2974045844000000e+04   2.2997532391000001e+04   1.9370130085999997e+04   2.2415317305000000e+04   2.0552276531000000e+04   1.8881978258000003e+04   1.9779938258000002e+04   2.0356065008000001e+04
   1.9974021227000001e+04   2.1929850758000000e+04   2.1121315999999999e+04   2.1804292710999998e+04   2.3131490375000001e+04   2.2740038046999998e+04   1.9741128171999997e+04   2.2586759930000000e+04   2.0449574608999999e+04   1.8647284938000001e+04   1.9483101484000003e+04   1.9939911977000003e+04
   1.9923828500000000e+04   2.2016289366999998e+04   2.1455407397999999e+04   2.2197108086000000e+04   2.3304250953000002e+04   2.2492032234000002e+04   2.0141166991999999e+04   2.2765117008000001e+04   2.0377236585999999e+04   1.8456408961000001e+04   1.9208964938000001e+04   1.9552526570000002e+04
   1.9894812061999997e+04   2.2122015234000002e+04   2.1802274015999999e+04   2.2594728655999999e+04   2.3491511945000002e+04   2.2255573742000000e+04   2.0566468320000000e+04   2.2948991258000002e+04   2.0335545008000001e+04   1.8311683811999999e+04   1.8959765906000001e+04   1.9197853977000002e+04
   1.9887524000000001e+04   2.2245745210999998e+04   2.2159431608999999e+04   2.2995291109000002e+04   2.3692346758000000e+04   2.2032732875000002e+04   2.1013247008000002e+04   2.3137004539000001e+04   2.0324481008000002e+04   1.8214912694999999e+04   1.8737648085999997e+04   1.8879723688000002e+04
   1.9902374305000001e+04   2.2386063429999998e+04   2.2524465945000000e+04   2.3397016695000002e+04   2.1825549414000001e+04   2.1477764835999998e+04   2.3327818616999997e+04   2.0343723734000003e+04   1.8167304609000003e+04   1.8544618109000003e+04   1.8601758102000003e+04   0.0000000000000000e+00
   1.9939623929999998e+04   2.2541447516000000e+04   2.2895043602000002e+04   2.3019895038999999e+04   2.1636023555000000e+04   2.1956368602000002e+04   2.3520143914000000e+04   2.0392659336000001e+04   1.8169429022999997e+04   1.8382507477000003e+04   1.8367280781000001e+04   0.0000000000000000e+00
   1.9999379155999999e+04   2.2710293633000001e+04   2.3268922680000000e+04   2.2616077352000000e+04   2.1466084429999999e+04   2.2445523811999999e+04   2.0470396953000003e+04   1.8221191648000000e+04   1.8252928897999998e+04   1.8179215172000000e+04   0.0000000000000000e+00   0.0000000000000000e+00
   2.0081589602000000e+04   2.2890928438000003e+04   2.3643963445000001e+04   2.2657281820000000e+04   2.2215861772999997e+04   2.1317557038999999e+04   2.2941832640999997e+04   2.0575780374999998e+04   1.8321838070000002e+04   1.8157240921999997e+04   1.8039991397999998e+04   0.0000000000000000e+00
   2.0186046546999998e+04   2.3081638664000002e+04   2.2245546289000002e+04   2.1821183585999999e+04   2.1192137578000002e+04   2.3442043062000001e+04   2.0707423968999999e+04   1.8469981272999998e+04   1.8096508828000002e+04   1.7951452602000001e+04   0.0000000000000000e+00   0.0000000000000000e+00
   2.0312385968999999e+04   2.3280683781000000e+04   2.1848459508000000e+04   2.1434062852000003e+04   2.1091362366999998e+04   2.0863731883000000e+04   1.8663653820000000e+04   1.8071478328000001e+04   1.7914789015999999e+04   0.0000000000000000e+00   0.0000000000000000e+00   0.0000000000000000e+00
   2.0460092811999999e+04   2.1469194852000001e+04   2.1056600538999999e+04   2.1016577147999997e+04   2.1042935242000000e+04   1.8900372562000000e+04   1.8082552336000001e+04   1.7930488664000000e+04   0.0000000000000000e+00   0.0000000000000000e+00   0.0000000000000000e+00   0.0000000000000000e+00
   2.0628508211000000e+04   2.1110935383000000e+04   2.0690963305000001e+04   2.0968910172000000e+04   2.1243118405999998e+04   1.9177225054999999e+04   1.8129781023000000e+04   1.7998311969000002e+04   0.0000000000000000e+00   0.0000000000000000e+00   0.0000000000000000e+00   0.0000000000000000e+00
   2.0816842780999999e+04   2.0776834828000003e+04   2.0339376703000002e+04   2.0949250811999998e+04   2.1462260602000002e+04   1.9490953914000002e+04   1.8212859109000001e+04   1.8117308375000001e+04   0.0000000000000000e+00   0.0000000000000000e+00   0.0000000000000000e+00   0.0000000000000000e+00
   2.1024179055000001e+04   2.2654055883000001e+04   2.3417616320000001e+04   2.0469970164000002e+04   2.0004105585999998e+04   2.0958225921999998e+04   2.2402882397999998e+04   2.1698254499999999e+04   1.9838045039000001e+04   1.8331132890999997e+04   1.8285846140999998e+04   0.0000000000000000e+00
   2.1249493859000002e+04   2.2420021789000002e+04   2.3336965773000000e+04   2.0193287069999998e+04   1.9687433328000003e+04   2.0996191022999999e+04   2.1931088938000001e+04   2.1948951461000001e+04   2.0214813671999997e+04   1.8483620414000001e+04   1.8501682352000003e+04   0.0000000000000000e+00
   2.1491665719000001e+04   2.2195371359000001e+04   2.3270661977000003e+04   1.9949543664000001e+04   1.9391640250000000e+04   2.1063217296999999e+04   2.1471387664000002e+04   2.2212174671999997e+04   2.0617480742000000e+04   1.8669036539000001e+04   1.8762038155999999e+04   0.0000000000000000e+00
   2.1749485633000000e+04   2.1980963811999998e+04   2.3219633905999999e+04   1.9741241531000000e+04   1.9118969461000001e+04   2.1159089539000001e+04   2.1027256461000001e+04   2.2485753561999998e+04   2.1042237633000001e+04   1.8885823530999998e+04   1.9063695789000001e+04   0.0000000000000000e+00
   2.2021676234000002e+04   2.1777629914000001e+04   2.3184681312000001e+04   1.9570569281000000e+04   1.8871596500000000e+04   2.1283312914000002e+04   2.0602263125000001e+04   2.2767527828000002e+04   2.1485299772999999e+04   1.9132191179999998e+04   1.9403098008000001e+04   0.0000000000000000e+00
   2.2306901727000000e+04   2.1586172336000000e+04   2.3166484711000001e+04   1.9439345679999999e+04   1.8651594015999999e+04   2.1435121272999997e+04   2.0200030125000001e+04   2.2759077352000000e+04   2.3055388061999998e+04   2.1942956828000002e+04   1.9406157109000000e+04   1.9776445155999998e+04
   2.2603783961000001e+04   2.1407334227000003e+04   2.3165568460999999e+04   1.9348959366999999e+04   1.8460893015999998e+04   2.1613498789000001e+04   1.9824187890999998e+04   2.2312894780999999e+04   2.3347285421999997e+04   2.2411611843999999e+04   1.9705584969000000e+04   2.0179789453000001e+04
   2.2910914656000001e+04   2.1241813249999999e+04   2.3182303585999998e+04   1.9300329679999999e+04   1.8301238515999998e+04   2.1817196008000003e+04   1.9478315085999999e+04   2.1876562546999998e+04   2.2887796219000000e+04   2.0028225617000000e+04   2.0609112530999999e+04   0.0000000000000000e+00
   2.3226860499999999e+04   2.1090242265999997e+04   2.3216902875000000e+04   1.9293874680000001e+04   1.8174154522999997e+04   2.2044751008000003e+04   1.9165876359000002e+04   2.1452869500000001e+04   2.0371753938000002e+04   2.1060395352000003e+04   0.0000000000000000e+00   0.0000000000000000e+00
   2.3550183383000000e+04   2.0953191578000002e+04   2.3269402641000001e+04   1.9329498858999999e+04   1.8080902522999997e+04   2.2294523852000002e+04   1.8890147188000003e+04   2.1044677969000000e+04   2.0733800429999999e+04   2.1529674491999998e+04   0.0000000000000000e+00   0.0000000000000000e+00
   2.0831166594000002e+04   2.3339675141000000e+04   1.9406594828000001e+04   1.8022454164000002e+04   2.2564715344000000e+04   1.8654136710999999e+04   2.0654903335999999e+04   2.2985974203000002e+04   2.1111982147999999e+04   2.2013086811999998e+04   0.0000000000000000e+00   0.0000000000000000e+00
   2.0724592164000002e+04   2.3427433272999999e+04   1.9524063359000000e+04   1.7999461234000002e+04   2.2853404852000003e+04   1.8460500397999996e+04   2.0286480890999999e+04   2.2568246625000000e+04   2.1503930233999999e+04   0.0000000000000000e+00   0.0000000000000000e+00   0.0000000000000000e+00
   2.0633819312000000e+04   2.3532220727000004e+04   1.9680342406000000e+04   1.8012237734000002e+04   2.3158576171999997e+04   1.8311461453000000e+04   1.9942334445000000e+04   2.2163463288999999e+04   2.1907308055000001e+04   0.0000000000000000e+00   0.0000000000000000e+00   0.0000000000000000e+00
   2.0559121727000002e+04   2.3653435819999999e+04   1.9873465366999997e+04   1.8060756133000003e+04   2.3478140772999999e+04   1.8208738444999999e+04   1.9625334688000003e+04   2.1774924977000002e+04   2.2319834538999999e+04   0.0000000000000000e+00   0.0000000000000000e+00   0.0000000000000000e+00
   2.2007054234000003e+04   2.0500684155999999e+04   2.0101103429999999e+04   1.8144639687999999e+04   2.3809960453000003e+04   1.8153479921999999e+04   1.9338248109000000e+04   2.1405965172000000e+04   2.2739286265999999e+04   0.0000000000000000e+00   0.0000000000000000e+00   0.0000000000000000e+00
   2.1574484780999999e+04   2.0458608688000000e+04   2.0360633977000001e+04   1.8263181140999997e+04   1.8146224953000001e+04   1.9083682359000002e+04   2.1059913530999998e+04   2.3163515312000000e+04   0.0000000000000000e+00   0.0000000000000000e+00   0.0000000000000000e+00   0.0000000000000000e+00
   2.1157690968999999e+04   2.0432914671999999e+04   2.0649204758000000e+04   1.8415359102000002e+04   1.8186882125000000e+04   1.8864037397999997e+04   2.0740051516000000e+04   0.0000000000000000e+00   0.0000000000000000e+00   0.0000000000000000e+00   0.0000000000000000e+00   0.0000000000000000e+00
   2.0760253445000002e+04   2.0423533797000000e+04   2.0963793266000001e+04   1.8599866054999999e+04   1.8274731680000001e+04   1.8681437930000000e+04   2.0449555453000001e+04   0.0000000000000000e+00   0.0000000000000000e+00   0.0000000000000000e+00   0.0000000000000000e+00   0.0000000000000000e+00
   2.0385778695000001e+04   2.0430321093999999e+04   2.2704031539000000e+04   2.1301267281000000e+04   1.8815140609000002e+04   1.8408452227000002e+04   1.8537686719000001e+04   2.0191438484000002e+04   0.0000000000000000e+00   0.0000000000000000e+00   0.0000000000000000e+00   0.0000000000000000e+00
   2.0037857453000001e+04   2.0453050844000001e+04   2.2319151227000002e+04   2.1658436383000000e+04   1.9059407718999999e+04   1.8586169304999999e+04   1.8434204555000000e+04   1.9968482539000001e+04   0.0000000000000000e+00   0.0000000000000000e+00   0.0000000000000000e+00   0.0000000000000000e+00
   1.9720004272999999e+04   2.0491421070000000e+04   2.1949144805000000e+04   2.2032104311999999e+04   1.9330713594000001e+04   2.2536574281000001e+04   1.8805517421999997e+04   1.8371995054999999e+04   1.9783177484000000e+04   0.0000000000000000e+00   0.0000000000000000e+00   0.0000000000000000e+00
   1.9435589897999998e+04   2.0545060664000001e+04   2.1597195522999999e+04   2.2419099180000001e+04   1.9626968991999998e+04   2.2152139906000000e+04   1.9063720874999999e+04   1.8351606640999998e+04   1.9637648874999999e+04   2.3099922171999999e+04   0.0000000000000000e+00   0.0000000000000000e+00
   1.9187771922000000e+04   2.0613535828000000e+04   2.1266498944999999e+04   2.2816312116999998e+04   1.9945983796999997e+04   2.1779661694999999e+04   1.9357674664000002e+04   1.8373120515999999e+04   1.9533602772999999e+04   2.2845247640999998e+04   2.2422234547000000e+04   2.2914291258000001e+04
   1.8979413109000001e+04   2.0696351750000002e+04   2.0960215390999998e+04   2.3220723561999999e+04   2.0285508031000001e+04   2.1422223054999999e+04   1.9684026352000001e+04   1.8436142773000000e+04   1.9472274140999998e+04   2.2596316070000001e+04   2.2014546640999997e+04   2.2442258999999998e+04
   1.8813006328000003e+04   2.0792961046999997e+04   2.0681420030999998e+04   2.0643251727000003e+04   2.1082940484000002e+04   2.0039258741999998e+04   1.8539822633000000e+04   1.9454383602000002e+04   2.2354122835999999e+04   2.1622146828000001e+04   2.1976774102000003e+04   0.0000000000000000e+00
   1.8690596375000001e+04   2.0902768265999999e+04   2.0433052694999998e+04   2.1016926234000002e+04   2.0764921624999999e+04   2.0419763147999998e+04   1.8682872602000003e+04   1.9480119859000002e+04   2.2119674030999999e+04   2.1247827539000002e+04   2.1520819319999999e+04   0.0000000000000000e+00
   1.8613717477000002e+04   2.1025140414000001e+04   2.0217856195000000e+04   2.1404258249999999e+04   2.0471232366999997e+04   2.0821900930000000e+04   1.8863614616999999e+04   1.9549128953000003e+04   2.1893978984000001e+04   2.0894368180000001e+04   2.1077498367000000e+04   0.0000000000000000e+00
   1.8583336780999998e+04   2.1159410109000000e+04   2.0038315897999997e+04   2.1803010429999998e+04   2.0204840109000001e+04   2.1242060703000003e+04   1.9080028719000002e+04   1.9660529586000001e+04   2.1678053210999999e+04   2.0564506015999999e+04   2.0650017727000002e+04   0.0000000000000000e+00
   1.8599824383000003e+04   2.1304879320000000e+04   1.9896598249999999e+04   2.2418618859000002e+04   2.2210999890999999e+04   1.9968564883000003e+04   2.1676693305000001e+04   1.9329802633000003e+04   1.9812940914000003e+04   2.1472897530999999e+04   2.0260889015999997e+04   2.0241662022999997e+04
   1.8662937273000000e+04   2.1460836078000000e+04   1.9794498155999998e+04   2.2010557914000001e+04   2.2626108522999999e+04   1.9765017844000002e+04   2.2122363039000000e+04   1.9610397539000001e+04   2.0004526147999997e+04   2.1279510102000000e+04   1.9986038499999999e+04   1.9855763102000001e+04
   1.8771829602000002e+04   2.1626546397999999e+04   1.9733380664000000e+04   2.1612286055000000e+04   2.3046289515999997e+04   1.9596546335999999e+04   2.2575753758000003e+04   1.9919100352000001e+04   2.0233045219000000e+04   2.1098862852000002e+04   1.9742299883000000e+04   1.9495659258000000e+04
   1.8925085272999997e+04   2.1801266344000000e+04   1.9714146304999998e+04   2.1226046054999999e+04   2.3469579867000000e+04   1.9465172133000000e+04   2.0253082897999997e+04   2.0495922133000000e+04   2.0931903352000001e+04   1.9531789780999999e+04   1.9164648836000000e+04   0.0000000000000000e+00
   1.9120761655999999e+04   2.1984249929999998e+04   1.9737203421999999e+04   2.0854119710999999e+04   1.9372536258000000e+04   2.0609448328000002e+04   2.0790306210999999e+04   2.0779541413999999e+04   1.9356349641000001e+04   1.8865926374999999e+04   0.0000000000000000e+00   0.0000000000000000e+00
   1.9356458429999999e+04   2.2174747288999999e+04   1.9802452015999999e+04   2.0498811125000000e+04   2.1900957906000000e+04   1.9319853734000000e+04   2.2492270897999999e+04   2.0985277835999997e+04   2.1113140772999999e+04   2.0642641319999999e+04   1.9217499828000000e+04   1.8602523679999998e+04
   1.9629389522999998e+04   2.2372009016000000e+04   1.9909291905999999e+04   2.0162425195000000e+04   2.1417061836000001e+04   1.9307877984000002e+04   2.2218376516000000e+04   2.1377669218999999e+04   2.1461225695000001e+04   2.0522013835999998e+04   1.9116396539000001e+04   1.8377235109000001e+04
   1.9936462398000000e+04   2.2575293953000000e+04   2.0056639727000002e+04   1.9847243508000000e+04   2.0948703953000000e+04   1.9336876765999998e+04   2.1949983647999998e+04   2.1783765921999999e+04   2.1831274796999998e+04   2.0418403812000000e+04   1.9053801780999998e+04   1.8192545609000001e+04
   2.0274355469000002e+04   2.2783868265999998e+04   2.0242962030999999e+04   1.9555496687999999e+04   2.0499799500000001e+04   1.9406622780999998e+04   2.1688401734000003e+04   2.2200784241999998e+04   2.2219971719000001e+04   2.0332486188000003e+04   1.9030055421999998e+04   1.8050559140999998e+04
   2.0639592227000001e+04   2.2997009828000002e+04   2.0466323883000001e+04   1.9289327227000002e+04   2.0074351640999997e+04   1.9516403406000001e+04   2.1434977391000000e+04   2.2626030179999998e+04   2.2624003616999998e+04   2.0264849219000000e+04   1.9045069188000001e+04   1.7952928945000000e+04
   2.1028612508000002e+04   2.3214007453000002e+04   2.0724437852000003e+04   1.9050760469000001e+04   1.9676414438000000e+04   1.9665042156000000e+04   2.1191083664000002e+04   2.3040112266000000e+04   2.0215994671999997e+04   1.9098324304999998e+04   1.7900806719000000e+04   0.0000000000000000e+00
   2.1437824421999998e+04   2.1014726343999999e+04   1.8841660663999999e+04   1.9310023914000001e+04   1.9850931241999999e+04   2.0958116991999999e+04   2.3465109179999999e+04   2.0186325945000001e+04   1.9188889944999999e+04   1.7894797508000000e+04   0.0000000000000000e+00   0.0000000000000000e+00
   2.1863663258000000e+04   2.0722062555000000e+04   2.1334380796999998e+04   1.8663698991999998e+04   1.8979127843999999e+04   2.0072082491999998e+04   2.0737476734000000e+04   2.0176141671999998e+04   1.9315444734000001e+04   1.7934939555000001e+04   0.0000000000000000e+00   0.0000000000000000e+00
   2.2302624312000000e+04   2.0443900335999999e+04   2.1680418070000000e+04   1.8518310046999999e+04   1.8687501102000002e+04   2.0326178640999999e+04   2.0530563953000001e+04   2.0566180061999999e+04   2.0185632984000000e+04   1.9476319116999999e+04   1.8020700929999999e+04   0.0000000000000000e+00
   2.2751298391000000e+04   2.0180794194999999e+04   2.2049741897999997e+04   1.8406661671999998e+04   1.8438649297000000e+04   2.0610628180000000e+04   2.0338760937999999e+04   2.0366654977000002e+04   2.0214877430000000e+04   1.9669532141000000e+04   1.8151000844000002e+04   0.0000000000000000e+00
   2.3206398180000000e+04   1.9934514811999998e+04   2.2439189531000000e+04   1.8329625102000002e+04   1.8235704304999999e+04   2.0922632616999999e+04   2.0163421219000000e+04   2.0187584921999998e+04   2.0263839055000000e+04   1.9892845828000001e+04   1.8324244594000000e+04   0.0000000000000000e+00
   1.9706805711000001e+04   2.2845580147999997e+04   1.8287747477000001e+04   1.8081328304999999e+04   2.1259233477000002e+04   2.0005848102000004e+04   2.0029869640999998e+04   2.0332368828000002e+04   2.0143818188000001e+04   1.8538379390999999e+04   0.0000000000000000e+00   0.0000000000000000e+00
   1.9499364078000002e+04   2.3265743133000000e+04   1.8281240788999999e+04   1.7977615070000000e+04   2.1617375516000000e+04   1.9867282258000003e+04   2.2313839265999999e+04   1.9894269344000000e+04   2.0420204938000003e+04   2.0419846703000003e+04   1.8790958102000001e+04   0.0000000000000000e+00
   1.9313816359000000e+04   2.3696565280999999e+04   1.8309976397999999e+04   1.7926012546999998e+04   2.1993944944999999e+04   1.9748883617000000e+04   2.1833454102000003e+04   1.9781391866999998e+04   2.0526972421999999e+04   2.0718225078000003e+04   1.9079212671999998e+04   0.0000000000000000e+00
   1.9151693647999997e+04   1.8373481328000002e+04   1.7927262875000000e+04   2.2385820625000000e+04   1.9651709866999998e+04   2.1365160328000002e+04   1.9691684874999999e+04   2.0652196319999999e+04   2.1036185109000002e+04   1.9400126171999997e+04   0.0000000000000000e+00   0.0000000000000000e+00
   2.3220059616999999e+04   1.9014402296999997e+04   1.8470957921999998e+04   1.7981374929999998e+04   2.2789908703000001e+04   1.9576701710999998e+04   2.0912532906000000e+04   1.9625425961000001e+04   2.0795299030999999e+04   2.1370937522999997e+04   1.9750506195000002e+04   0.0000000000000000e+00
   2.3131850897999997e+04   1.8903203227000002e+04   2.2829249578000003e+04   1.8601302147999999e+04   1.8087617921999998e+04   2.3203169390999999e+04   1.9524667406000000e+04   2.0479241116999998e+04   1.9582720929999999e+04   2.0955610688000001e+04   2.1719704977000001e+04   2.0127051609000002e+04
   2.3059553046999998e+04   1.8819183796999998e+04   2.2420942046999997e+04   1.8763131960999999e+04   1.8244558397999997e+04   1.9496266522999998e+04   2.0069020453000001e+04   1.9563500147999999e+04   2.1132381492000000e+04   2.2079759211000001e+04   2.0526414554999999e+04   0.0000000000000000e+00
   2.3004097969000002e+04   1.8763238171999998e+04   2.2017529125000001e+04   1.8954823406000000e+04   1.8450115280999999e+04   1.9491999328000002e+04   1.9685621844000001e+04   1.9567523469000000e+04   2.1324781195000000e+04   2.2448435249999999e+04   2.0945246938000000e+04   0.0000000000000000e+00
   2.2966266102000001e+04   1.8736044875000000e+04   2.1621459016000001e+04   1.9174545914000002e+04   1.8701637289000002e+04   1.9512192680000000e+04   1.9332756741999998e+04   1.9594381249999999e+04   2.1531915555000000e+04   2.2823157602000003e+04   2.1380245719000002e+04   0.0000000000000000e+00
   2.2946676008000002e+04   1.8738052070000002e+04   2.1235283265999999e+04   1.9420303445000001e+04   1.8996000133000001e+04   2.2880589570000000e+04   1.9556999469000002e+04   1.9014025546999997e+04   1.9643506695000000e+04   2.1752832640999997e+04   2.3201448320000000e+04   2.1828188602000002e+04
   2.2945790203000000e+04   1.8769470171999998e+04   2.0861642210999998e+04   1.9689973305000000e+04   1.9329704570000002e+04   2.2579383953000000e+04   1.9626389961000001e+04   1.8732844750000000e+04   1.9714185046999999e+04   2.1986531875000001e+04   2.3580950765999998e+04   2.2285958374999998e+04
   2.2963885586000000e+04   1.8830262875000000e+04   2.0503243500000000e+04   1.9981343234000000e+04   1.9698980219000001e+04   2.2286700366999998e+04   1.9720154296999997e+04   1.8492359008000003e+04   1.9805565586000001e+04   2.2231974054999999e+04   2.2750554039000002e+04   0.0000000000000000e+00
   2.3001060444999999e+04   1.8920150921999997e+04   2.0162843046999998e+04   2.0292148805000001e+04   2.0099880897999999e+04   2.2003821008000003e+04   1.9837905875000000e+04   1.8295356102000002e+04   1.9916680102000002e+04   2.2488089828000000e+04   2.3219118992000000e+04   0.0000000000000000e+00
   2.3057239586000000e+04   1.9038614898000000e+04   1.9843210969000000e+04   2.0620099125000001e+04   2.0528373210999998e+04   2.1732007867000000e+04   1.9979088305000001e+04   1.8144175023000000e+04   2.0046455593999999e+04   2.2753783758000001e+04   2.3688937491999997e+04   0.0000000000000000e+00
   2.3132156531000001e+04   1.9184913234000000e+04   1.9547101250000000e+04   2.0962914258000001e+04   2.0980401022999999e+04   2.1472505484000001e+04   2.0142982844000002e+04   1.8040634249999999e+04   2.0193735015999999e+04   2.3027951109000001e+04   2.3244158930000001e+04   0.0000000000000000e+00
   2.3225376227000001e+04   1.9358090296999999e+04   1.9277209953000001e+04   2.1318338772999999e+04   2.1451961109000000e+04   2.1226521866999999e+04   2.0328724546999998e+04   1.7985959477000000e+04   2.0357289679999998e+04   2.3309473633000001e+04   2.3190746984000001e+04   2.1854146859000000e+04
   2.3336294039000000e+04   1.9557001758000002e+04   1.9036127530999998e+04   2.1684165991999998e+04   2.1939138647999996e+04   2.0995224733999999e+04   2.0535312180000001e+04   1.7980741578000001e+04   2.0535841891000000e+04   2.3597232805000000e+04   2.3151797804999998e+04   2.1459579031000001e+04
   2.3464139680000000e+04   1.9780335023000000e+04   1.8826290234000000e+04   2.2058252914000001e+04   2.2438150484000002e+04   2.0779726109000003e+04   2.0761627647999998e+04   1.8024910585999998e+04   2.0728076195000001e+04   2.3127068578000002e+04   2.1085335147999998e+04   0.0000000000000000e+00
   2.0026632914000002e+04   1.8649928554999999e+04   2.2438529883000003e+04   2.0581072680000001e+04   2.1006448914000001e+04   1.8117740085999998e+04   2.0932656422000000e+04   2.2707779890999998e+04   2.3116201211000000e+04   2.0734791874999999e+04   0.0000000000000000e+00   0.0000000000000000e+00
   2.0294320460999999e+04   1.8509013227000003e+04   2.2823012569999999e+04   2.0400236594000002e+04   2.1268465539000001e+04   1.8257875468999999e+04   2.1148241968999999e+04   2.2249891890999999e+04   2.3118723391000000e+04   2.0411271210999999e+04   0.0000000000000000e+00   0.0000000000000000e+00
   2.0581725828000002e+04   1.8405204561999999e+04   2.3209809805000001e+04   2.0238099078000003e+04   2.1546300546999999e+04   1.8443383875000000e+04   2.1373495797000000e+04   2.1804690688000002e+04   2.3134068734000000e+04   2.0117987796999998e+04   0.0000000000000000e+00   0.0000000000000000e+00
   2.0887104352000002e+04   1.8339806516000001e+04   2.3597116305000000e+04   2.0095444453000000e+04   2.1838522397999997e+04   1.8671822969000001e+04   2.1607097249999999e+04   2.1375680179999999e+04   2.3161571734000001e+04   1.9857985866999999e+04   0.0000000000000000e+00   0.0000000000000000e+00
   2.1208669140999998e+04   1.8313728320000002e+04   1.9972949516000001e+04   2.2143654977000002e+04   1.8940323477000002e+04   2.1847754250000002e+04   2.0966437741999998e+04   2.3200487461000001e+04   1.9634071070000002e+04   0.0000000000000000e+00   0.0000000000000000e+00   0.0000000000000000e+00
   2.1544593195000001e+04   1.8327462445000001e+04   1.9871171562000000e+04   2.2460198929999999e+04   1.9245677491999999e+04   2.2094204460999998e+04   2.0580572984000002e+04   2.3250000811999998e+04   1.9448746359000001e+04   0.0000000000000000e+00   0.0000000000000000e+00   0.0000000000000000e+00
   2.2781695030999999e+04   2.1893047648000000e+04   1.8381063515999998e+04   1.9790543593999999e+04   2.2786641109000000e+04   1.9584426991999997e+04   2.2345231640999998e+04   2.0221677374999999e+04   2.3309226617000000e+04   1.9304140288999999e+04   0.0000000000000000e+00   0.0000000000000000e+00
   2.2327923562000000e+04   2.2252201789000002e+04   1.8474151328000000e+04   2.2771818969000000e+04   1.9731365679999999e+04   1.9952946780999999e+04   2.2599659647999997e+04   1.9893271109000001e+04   2.3377231398000000e+04   1.9201950133000002e+04   0.0000000000000000e+00   0.0000000000000000e+00
   2.1881263453000003e+04   1.8605923296999998e+04   2.2356717062000000e+04   1.9693806210999999e+04   2.0347522188000003e+04   2.2856363890999997e+04   1.9598738647999999e+04   2.3453048094000002e+04   1.9143383477000003e+04   0.0000000000000000e+00   0.0000000000000000e+00   0.0000000000000000e+00
   2.1444651109000002e+04   1.8775178539000000e+04   2.1946545930000000e+04   2.2677833906000000e+04   1.9677894844000002e+04   2.0764414929999999e+04   2.3114272499999999e+04   1.9341252320000000e+04   2.3535670453000002e+04   1.9129126430000000e+04   0.0000000000000000e+00   0.0000000000000000e+00
   2.1021134460999998e+04   1.8980353804999999e+04   2.1543449647999998e+04   2.2322226414000001e+04   1.9683525734000003e+04   2.1199917969000002e+04   1.9123700750000000e+04   1.9159316789000000e+04   0.0000000000000000e+00   0.0000000000000000e+00   0.0000000000000000e+00   0.0000000000000000e+00
   2.0613861477000002e+04   1.9219568562000000e+04   2.1149655624999999e+04   2.1973950366999998e+04   1.9710459210999998e+04   2.2689808444999999e+04   2.1650399397999998e+04   1.8948604484000000e+04   1.9233537703000002e+04   0.0000000000000000e+00   0.0000000000000000e+00   0.0000000000000000e+00
   2.0226052858999999e+04   2.2751677789000001e+04   1.9490671375000002e+04   2.0767470741999998e+04   2.1635495343999999e+04   1.9758326820000002e+04   2.2349924758000001e+04   2.2112337516000000e+04   1.8818041890999997e+04   1.9350837688000000e+04   0.0000000000000000e+00   0.0000000000000000e+00
   1.9860966703000002e+04   2.2359050749999999e+04   1.9791294311999998e+04   2.0399262727000001e+04   2.1309420703000003e+04   1.9826636883000003e+04   2.2025806195000001e+04   2.2582345280999998e+04   1.8733586883000000e+04   1.9509756633000001e+04   0.0000000000000000e+00   0.0000000000000000e+00
   1.9521862320000000e+04   2.1974614805000001e+04   2.0118902047000000e+04   2.0047453905999999e+04   2.0998331515999998e+04   1.9914782195000000e+04   2.1720259844000000e+04   2.3057186046999999e+04   1.8696248491999999e+04   1.9708373969000000e+04   0.0000000000000000e+00   0.0000000000000000e+00
   1.9211946780999999e+04   2.1600360554999999e+04   2.0470841102000002e+04   1.9714486671999999e+04   2.0704861477000002e+04   2.0022055015999998e+04   2.1436049030999999e+04   1.8706438194999999e+04   1.9944367078000003e+04   0.0000000000000000e+00   0.0000000000000000e+00   0.0000000000000000e+00
   1.8934319125000002e+04   2.1238309062000000e+04   2.0844385383000001e+04   1.9402810960999999e+04   2.0431633609000000e+04   2.0147650664000001e+04   2.1175854258000003e+04   1.8763954008000001e+04   2.0215075703000002e+04   0.0000000000000000e+00   0.0000000000000000e+00   0.0000000000000000e+00
   1.8691908390999997e+04   2.0890503328000003e+04   2.1236776116999998e+04   1.9114845008000000e+04   2.0181232484000000e+04   2.0290682828000001e+04   2.0942231578000003e+04   1.8867986311999997e+04   2.0517569312000000e+04   0.0000000000000000e+00   0.0000000000000000e+00   0.0000000000000000e+00
   1.8487398421999998e+04   2.0558986991999998e+04   2.1645250328000002e+04   1.8852944742000000e+04   1.9956158852000000e+04   2.0450193664000002e+04   2.0737563789000000e+04   1.9017148055000001e+04   2.0848716688000000e+04   0.0000000000000000e+00   0.0000000000000000e+00   0.0000000000000000e+00
   1.8323163234000000e+04   2.0245786906000001e+04   2.2067079070000000e+04   1.8619363015999999e+04   1.9758793062000001e+04   2.0625168852000003e+04   2.0564012047000000e+04   2.2699754555000000e+04   1.9209520164000001e+04   2.1205248155999998e+04   0.0000000000000000e+00   0.0000000000000000e+00
   1.8201192141000000e+04   1.9952889250000000e+04   2.2499582397999999e+04   1.8416204734000003e+04   1.9591342086000001e+04   2.0814546397999999e+04   2.0423470249999998e+04   2.2334426453000000e+04   1.9442717633000000e+04   2.1583815125000001e+04   0.0000000000000000e+00   0.0000000000000000e+00
   1.8123033609000002e+04   1.9682217938000002e+04   1.8245386664000001e+04   1.9455796828000002e+04   2.1017228367000000e+04   2.0317516953000002e+04   2.1984036141000000e+04   1.9713957320000001e+04   2.1981044655999998e+04   0.0000000000000000e+00   0.0000000000000000e+00   0.0000000000000000e+00
   1.8089736688000001e+04   1.9435602977000002e+04   1.8108588859000000e+04   1.9353884359000000e+04   2.1232092789000002e+04   2.0247378390999998e+04   2.1651454022999998e+04   2.0020141312000000e+04   2.2393575781000000e+04   0.0000000000000000e+00   0.0000000000000000e+00   0.0000000000000000e+00
   1.8101819578000002e+04   1.9214753929999999e+04   1.8007215179999999e+04   1.9287023977000001e+04   2.1458002124999999e+04   2.0213893133000001e+04   2.1339521210999999e+04   2.0357932820000002e+04   2.2818103234000002e+04   0.0000000000000000e+00   0.0000000000000000e+00   0.0000000000000000e+00
   1.8159248758000002e+04   1.9021228055000000e+04   1.7942352414000001e+04   1.9256290905999998e+04   2.1693815047000000e+04   2.0217488805000001e+04   2.1051015469000002e+04   2.0723834016000001e+04   2.3251402171999998e+04   0.0000000000000000e+00   0.0000000000000000e+00   0.0000000000000000e+00
   1.8261440766000000e+04   1.8856398679999998e+04   1.7914742555000001e+04   1.9262387030999998e+04   2.1938388866999998e+04   2.0258169140999998e+04   2.0788605508000001e+04   2.1114250296999999e+04   0.0000000000000000e+00   0.0000000000000000e+00   0.0000000000000000e+00   0.0000000000000000e+00
   1.8407278445000000e+04   1.8721430015999998e+04   1.7924758429999998e+04   1.9305619343999999e+04   2.2190593188000003e+04   2.0335518061999999e+04   2.0554802421999997e+04   2.1525556180000000e+04   0.0000000000000000e+00   0.0000000000000000e+00   0.0000000000000000e+00   0.0000000000000000e+00
   1.8595156640999998e+04   1.8617246749999998e+04   2.2556693585999998e+04   1.7972392594000001e+04   1.9385891711000000e+04   2.2449310477000003e+04   2.0448702602000001e+04   2.0351912530999998e+04   2.1954143414000002e+04   0.0000000000000000e+00   0.0000000000000000e+00   0.0000000000000000e+00
   1.8823027991999999e+04   1.8544515609000002e+04   2.2130477569999999e+04   1.8057260375000002e+04   1.9502709804999999e+04   2.2713447945000000e+04   2.0596502719000000e+04   2.0181985414000002e+04   2.2396461766000000e+04   0.0000000000000000e+00   0.0000000000000000e+00   0.0000000000000000e+00
   1.9088470258000001e+04   1.8503625070000002e+04   2.1717936867000000e+04   1.8178605835999999e+04   1.9655192250000000e+04   2.2981934155999999e+04   2.0777339164000001e+04   2.0046761445000000e+04   2.2898808969000002e+04   0.0000000000000000e+00   0.0000000000000000e+00   0.0000000000000000e+00
   1.9388751539000001e+04   1.8494679124999999e+04   2.1322529484000002e+04   1.8335326320000000e+04   1.9842097085999998e+04   2.3253729147999999e+04   2.0989315883000003e+04   1.9947634249999999e+04   2.2516335897999998e+04   2.2447509421999999e+04   0.0000000000000000e+00   0.0000000000000000e+00
   1.9720904085999999e+04   1.8517491070000000e+04   2.0947770046999998e+04   1.8526002086000000e+04   2.0061853188000001e+04   2.1230261500000001e+04   1.9885607585999998e+04   2.2141793812000000e+04   2.2012452320000000e+04   0.0000000000000000e+00   0.0000000000000000e+00   0.0000000000000000e+00
   2.0081790155999999e+04   1.8571589039000002e+04   2.0597184671999999e+04   1.8748936945000001e+04   2.0312601188000001e+04   2.1497780999999999e+04   1.9861265398000000e+04   2.1777056171999997e+04   2.1590375633000000e+04   0.0000000000000000e+00   0.0000000000000000e+00   0.0000000000000000e+00
   2.0468168180000001e+04   1.8656224741999999e+04   2.0274258905999999e+04   1.9002192828000003e+04   2.0592233953000003e+04   2.1789296671999997e+04   1.9874756155999999e+04   2.1424031828000003e+04   2.1184808062000000e+04   0.0000000000000000e+00   0.0000000000000000e+00   0.0000000000000000e+00
   2.0876743968999999e+04   1.8770397929999999e+04   1.9982381852000002e+04   1.9283641445000001e+04   2.0898444960999997e+04   2.2102104141000000e+04   1.9925791945000001e+04   2.1084648977000001e+04   2.0799357305000001e+04   0.0000000000000000e+00   0.0000000000000000e+00   0.0000000000000000e+00
   2.1304229179999998e+04   1.8912874727000002e+04   1.9724776445000000e+04   1.9591006719000001e+04   2.1228776867000000e+04   2.2958529102000000e+04   2.2433416125000000e+04   2.0013650570000002e+04   2.0760835336000000e+04   2.3123907906000000e+04   2.0437652539000002e+04   2.3265620984000001e+04
   2.1747369727000001e+04   1.9082216031000000e+04   1.9504423944999999e+04   1.9921903648000000e+04   2.1580654741999999e+04   2.2480884180000001e+04   2.2780391804999999e+04   2.0137197281000001e+04   2.0454501453000001e+04   2.2928332594000000e+04   2.0103296602000002e+04   2.3005706750000001e+04
   2.2202989352000001e+04   1.9276807828000001e+04   1.9323988125000000e+04   2.0273883655999998e+04   2.1951440188000000e+04   2.2013532969000000e+04   2.3140191164000000e+04   2.0294916859000001e+04   2.0167520656000001e+04   2.2737058000000001e+04   1.9799806258000001e+04   2.2760830875000000e+04
   2.2668005945000001e+04   1.9494893390999998e+04   1.9185743289000002e+04   2.0644465250000001e+04   2.2338450124999999e+04   2.1560016093999999e+04   2.3509980015999998e+04   2.0484950625000001e+04   1.9901708078000003e+04   2.2551518711000001e+04   1.9530547953000001e+04   2.2532386491999998e+04
   2.3139447312000000e+04   1.9734607265999999e+04   1.9091502561999998e+04   2.1031165272999999e+04   2.2739001147999999e+04   2.1123995203000002e+04   2.0705149022999998e+04   1.9658792788999999e+04   2.2373179647999998e+04   1.9298654211000001e+04   2.2321664109000001e+04   0.0000000000000000e+00
   2.3614478844000001e+04   1.9994005796999998e+04   1.9042559234000000e+04   2.1431530171999999e+04   2.3150433688000001e+04   2.0709215086000000e+04   2.0564822227000001e+04   2.0953115672000000e+04   1.9440393945000000e+04   2.2203522492000000e+04   1.9106950897999999e+04   2.2129835647999997e+04
   2.0271092227000001e+04   1.9039644227000001e+04   2.1843147688000001e+04   2.3570135647999999e+04   2.0319466609000003e+04   2.0141233319999999e+04   2.1226259194999999e+04   1.9247994311999999e+04   2.2044033241999998e+04   1.8957873500000002e+04   2.1957937647999999e+04   0.0000000000000000e+00
   2.0563849366999999e+04   1.9082898625000002e+04   2.2263674484000003e+04   1.9958534000000000e+04   1.9739678711000000e+04   2.1521852578000002e+04   1.9082910061999999e+04   2.1896187453000002e+04   1.8853393609000002e+04   2.1806855633000003e+04   0.0000000000000000e+00   0.0000000000000000e+00
