   3.0386234703088505e-04  -1.0948043117681233e-04   3.6887856323009857e-04   5.5351508261778326e-05  -3.3650612278793738e-05  -4.8057410935437074e-06   1.5394593147018438e-04   9.3461686399472205e-05  -6.5895494956915831e-05   0.0000000000000000e+00   0.0000000000000000e+00   0.0000000000000000e+00
   3.0386233695103913e-04   3.6887847854035220e-04   5.5351470647367019e-05  -3.3650482481755298e-05  -4.8062272161996138e-06   1.5394606927933668e-04   9.3462187811890464e-05  -6.5895644978356915e-05   0.0000000000000000e+00   0.0000000000000000e+00   0.0000000000000000e+00   0.0000000000000000e+00
   3.0386232859876486e-04   3.6887839671081264e-04   5.5351428651732659e-05  -3.3650353470225872e-05  -4.8067129183999975e-06   1.5394620678958154e-04   9.3462689511613435e-05  -6.5895794744286039e-05   0.0000000000000000e+00   0.0000000000000000e+00   0.0000000000000000e+00   0.0000000000000000e+00
   3.0386232187267750e-04   3.6887831869023647e-04   5.5351379551624565e-05  -3.3650225209099611e-05  -4.8072032563490380e-06   1.5394634310529300e-04   9.3463193689349359e-05  -6.5895943077750921e-05   0.0000000000000000e+00   0.0000000000000000e+00   0.0000000000000000e+00   0.0000000000000000e+00
   3.0386231663064809e-04   3.6887824520066739e-04   5.5351321216816376e-05  -3.3650097668063630e-05  -4.8077024578584591e-06   1.5394647748658106e-04   9.3463702116573536e-05  -6.5896089032603820e-05   0.0000000000000000e+00   0.0000000000000000e+00   0.0000000000000000e+00   0.0000000000000000e+00
   3.0386231243605843e-04   3.6887817411373482e-04   5.5351259281885668e-05  -3.3649970982480444e-05  -4.8082030559854404e-06   1.5394661134881393e-04   9.3464210683852619e-05  -6.5896234906164108e-05   0.0000000000000000e+00   0.0000000000000000e+00   0.0000000000000000e+00   0.0000000000000000e+00
   3.0386230901915430e-04   3.6887810513688341e-04   5.5351194339011259e-05  -3.3649845165082528e-05  -4.8087052452068688e-06   1.5394674469777471e-04   9.3464719144322839e-05  -6.5896380861534389e-05   0.0000000000000000e+00   0.0000000000000000e+00   0.0000000000000000e+00   0.0000000000000000e+00
   3.0386230609762464e-04  -8.8593198696474845e-07   3.6887803794602469e-04   5.5351127042949985e-05  -3.3649720220560148e-05  -4.8092091407785878e-06   1.5394687755366929e-04   9.3465227224498007e-05  -6.5896527072636249e-05   0.0000000000000000e+00   0.0000000000000000e+00   0.0000000000000000e+00
   3.0386230338046990e-04  -8.8594235689896409e-07   3.6887797219113005e-04   5.5351058097185495e-05  -3.3649596145138160e-05  -4.8097147815348344e-06   1.5394700994948656e-04   9.3465734630709035e-05  -6.5896673719664821e-05   0.0000000000000000e+00   0.0000000000000000e+00   0.0000000000000000e+00
   3.0386230057198994e-04  -8.8595099230044816e-07   3.6887790750222336e-04  -3.8725286935495762e-05   5.5350988239215284e-05  -4.8102221342104430e-06   1.5394714192910956e-04   9.3466241056099089e-05  -6.5896820984329125e-05   0.0000000000000000e+00   0.0000000000000000e+00   0.0000000000000000e+00
   3.0386229737583621e-04  -8.8595811304125036e-07   3.6887784349566967e-04  -3.8725451098158284e-05   5.5350918225235244e-05  -4.8107310991410833e-06   1.5394727354522297e-04   9.3466746188036005e-05  -1.4848918306804589e-05  -6.5896969044972650e-05   0.0000000000000000e+00   0.0000000000000000e+00
   3.0386229349908057e-04  -8.8596397061802047e-07   3.6887777978067318e-04  -3.8725615290565107e-05   5.5350848814490372e-05  -4.8112415171788124e-06   1.5394740485706742e-04  -1.4848864835432375e-05  -6.5897118071667687e-05   0.0000000000000000e+00   0.0000000000000000e+00   0.0000000000000000e+00
   3.0386228865624871e-04  -8.8596884361311815e-07   3.6887771596587463e-04  -3.8725779504650213e-05   5.5350780753562439e-05   5.5999929351147561e-06  -4.8117531776450343e-06   1.5394753592808539e-04  -1.4848810312750524e-05  -6.5897268221382641e-05   0.0000000000000000e+00   0.0000000000000000e+00
   3.0386228257326699e-04  -8.8597303274817486e-07   3.6887765166594900e-04  -3.8725943739104530e-05   5.5350714760868917e-05   5.6000828228504657e-06  -4.8122658271305120e-06   1.5394766682351417e-04  -1.4848754431365162e-05  -6.5897419633315559e-05   0.0000000000000000e+00   0.0000000000000000e+00
   3.0386227499127325e-04  -8.8597685560988370e-07   3.6887758650810460e-04  -3.8726107998449486e-05   5.5350651511643399e-05   5.6001701458269538e-06   1.5394779760797569e-04  -1.4848696901592965e-05  -6.5897572424490833e-05   0.0000000000000000e+00   0.0000000000000000e+00   0.0000000000000000e+00
   3.0386226567023913e-04  -8.8598064113130709e-07   3.6887752013837734e-04  -3.8726272291994611e-05   5.5350591623662018e-05   5.6002538958294914e-06   1.5394792834311458e-04  -1.4848637457911541e-05  -6.5897726685708904e-05   0.0000000000000000e+00   0.0000000000000000e+00   0.0000000000000000e+00
   3.0386225439236569e-04  -8.8598472391441572e-07   3.6887745222762621e-04  -3.8726436632709516e-05   5.6003331520610300e-06   1.5394805908533539e-04  -1.4848575865004378e-05  -6.5897882477937523e-05   0.0000000000000000e+00   0.0000000000000000e+00   0.0000000000000000e+00   0.0000000000000000e+00
   3.0386224096519692e-04  -8.8598943848106144e-07   3.6887738247713149e-04  -3.8726601036040411e-05   5.6004070968199915e-06   1.5394818988368917e-04  -1.4848511923285476e-05  -6.5898039829225555e-05   0.0000000000000000e+00   0.0000000000000000e+00   0.0000000000000000e+00   0.0000000000000000e+00
   3.0386222495860471e-04  -8.8599557980926091e-07   3.6887730959599309e-04  -3.8726765873049064e-05   5.6004707297245859e-06   5.6194920316058326e-04   1.5394832142405962e-04  -1.4848443748174346e-05  -6.5898200208699430e-05   0.0000000000000000e+00   0.0000000000000000e+00   0.0000000000000000e+00
   3.0386220602153253e-04  -8.8600384637269147e-07   3.6887723252087634e-04  -3.8726931450223255e-05   5.6005199631181701e-06   5.6194949588543206e-04   1.5394845426351008e-04  -1.4848369814687876e-05  -6.5898364778901487e-05   0.0000000000000000e+00   0.0000000000000000e+00   0.0000000000000000e+00
   3.0386218457559104e-04  -8.8601362164546265e-07   3.6887715309363308e-04  -3.8727097086440690e-05   5.6005628168709472e-06   5.6194978930474402e-04   1.5394858714796420e-04  -1.4848293450191256e-05  -6.5898530553444993e-05   0.0000000000000000e+00   0.0000000000000000e+00   0.0000000000000000e+00
   3.0386216058188011e-04  -8.8602513491659265e-07   3.6887707129037848e-04  -3.8727262757935470e-05   5.6005994521953676e-06   5.6195008327169268e-04   1.5394872001251112e-04  -1.4848214820734480e-05  -6.5898697255475821e-05   0.0000000000000000e+00   0.0000000000000000e+00   0.0000000000000000e+00
   3.0386213403473531e-04  -8.8603859244098111e-07   3.6887698712832599e-04  -3.8727428440667862e-05   5.6006301427309095e-06   5.6195037761068813e-04   1.5394885278339042e-04  -1.4848134130234203e-05  -6.5898864582125712e-05   0.0000000000000000e+00   0.0000000000000000e+00   0.0000000000000000e+00
   3.0386210496157091e-04  -8.8605417454815279e-07  -3.8727594110585181e-05   6.2363614065324968e-04   5.6006552616288472e-06   5.6195067212361357e-04   1.5394898537971315e-04  -1.4848051615381442e-05  -6.5899032210588906e-05   0.0000000000000000e+00   0.0000000000000000e+00   0.0000000000000000e+00
   3.0386207342231398e-04  -8.8607203311001535e-07  -3.8727759743923376e-05   6.2363540823082261e-04   5.6006752669636697e-06   5.6195096659668613e-04   1.5394911771538829e-04  -1.4847967539997170e-05  -6.5899199804616226e-05   0.0000000000000000e+00   0.0000000000000000e+00   0.0000000000000000e+00
   3.0386203950843392e-04  -8.8609228939401766e-07  -2.6453232605451661e-04  -3.8727925317542312e-05   6.2363467514254818e-04   5.6006906857803888e-06   5.6195126080778161e-04   1.5394924970121862e-04  -1.4847882188949013e-05  -6.5899367021312078e-05   0.0000000000000000e+00   0.0000000000000000e+00
  -8.8611503232397801e-07  -2.6453196893189910e-04  -3.8728090809287220e-05   6.2363394144313489e-04   5.6007020971038427e-06   5.6195155453406568e-04   1.5394938124712706e-04   2.9198063063396270e-04  -1.4847795861748774e-05  -6.5899533518112000e-05  -4.9195349477409428e-06   0.0000000000000000e+00
  -8.8614031716657083e-07  -2.6453161242980937e-04  -3.8728256198367343e-05   6.2363320718401068e-04   5.6007101142484302e-06   5.6195184755977257e-04   2.9198084215746817e-04  -1.4847708865953312e-05  -6.5899698959818965e-05  -4.9196587278957403e-06   0.0000000000000000e+00   0.0000000000000000e+00
  -8.8616816465704728e-07  -2.6453125612704924e-04  -3.8728421465742988e-05   6.2363247241342809e-04   5.6007153667743783e-06   5.6195213968394985e-04   2.9198105468854972e-04  -1.4847621510494320e-05  -4.9197819832214689e-06   0.0000000000000000e+00   0.0000000000000000e+00   0.0000000000000000e+00
   7.1601860130506649e-05  -8.8619856057331663e-07  -2.6453089960466470e-04  -3.8728586594511103e-05   6.2363173717670318e-04   5.6007184824400001e-06   5.6195243072801706e-04  -5.9179138858522659e-05   2.9198126733670434e-04  -1.4847534099062947e-05  -4.9199041224756772e-06   0.0000000000000000e+00
   7.1602005474104063e-05  -8.8623145576294200e-07  -2.6453054245429965e-04  -3.8728751570280402e-05   6.2363100151658442e-04   5.6007200694979252e-06   5.6195272054295430e-04  -5.9179445680174627e-05   2.9198147922668847e-04  -1.4847446923673746e-05  -4.9200245835049073e-06   0.0000000000000000e+00
   7.1602152727786984e-05  -8.8626676662303374e-07  -2.6453018428630731e-04  -3.8728916381525234e-05   6.2363026547373882e-04   5.6007206996773174e-06   5.6195300901597538e-04  -5.9179751031462664e-05   2.9198168951691510e-04  -1.4847360258529966e-05  -4.9201428459714375e-06   0.0000000000000000e+00
   7.1602301924588205e-05  -8.8630437602844801e-07  -2.6452982473747975e-04  -3.8729081019909438e-05   6.2362952908734165e-04   5.6007208921836397e-06   5.6195329607651630e-04  -5.9180054997657022e-05   2.9198189741710110e-04  -1.4847274354307432e-05  -6.3762049234197940e-05  -4.9202584432687765e-06
   7.1602453987426601e-05  -8.8634449568283215e-07  -2.6452946186249736e-04  -3.8729245344676116e-05   6.2362879258436846e-04   5.6007250614347716e-06   5.6195357900226900e-04  -5.9180356307609068e-05   2.9198209930673833e-04  -1.4847191206413147e-05  -6.3762246257046727e-05  -4.9203679733601458e-06
   7.1602609633112245e-05  -8.8638724107346707e-07  -2.6452909405100451e-04  -3.8729409243567672e-05   6.2362805615731739e-04   5.6007368187642888e-06   5.6195385561492507e-04  -5.9180653980443990e-05   2.9198229217718342e-04  -1.4847112453458700e-05  -6.3762444989984521e-05  -4.9204686557364283e-06
   7.1602766962477601e-05  -8.8643169452993905e-07  -2.6452872423697122e-04  -3.8729572986547757e-05   6.2362731947430375e-04   5.6007486526402327e-06   5.6195413130542154e-04  -5.9180950948302585e-05   2.9198248118512190e-04  -1.4847034759611681e-05  -6.3762644211482597e-05  -4.9205661445406645e-06
   7.1602925763427028e-05  -8.8647758470507881e-07  -2.6452835239784234e-04  -3.8729736594638238e-05   6.2362658255608969e-04   5.6007603264377738e-06   5.6195440649745205e-04  -5.9181247584310233e-05   2.9198266620152384e-04  -1.4846958049855648e-05  -6.3762843323402190e-05  -4.9206605989026616e-06
   7.1603085795660587e-05  -8.8652462058940920e-07  -2.6452797855257005e-04  -3.8729900091781051e-05   6.2362584542741443e-04   5.6007715292185940e-06   5.6195468164982310e-04  -5.9181544281273224e-05   2.9198284719177017e-04  -1.4846882221541495e-05  -6.3763041740785191e-05  -4.9207522470029067e-06
   7.1603246795384488e-05  -8.8657249594432503e-07  -2.6452760275926424e-04  -3.8730063504363257e-05   6.2362510811845065e-04   5.6007818844373440e-06   5.6195495724708870e-04  -5.9181841444096971e-05   2.9198302421371957e-04  -1.4846807148913123e-05  -6.3763238900785391e-05  -4.9208413792893725e-06
   7.1603408480399488e-05  -2.6452722511218169e-04  -3.8730226860698890e-05   6.2362437066618365e-04   5.6007909601843220e-06   5.6195523378957748e-04  -5.9182139481917055e-05   2.9198319741416325e-04  -1.4846732688102103e-05  -6.3763434271280035e-05  -4.9209283405674668e-06   0.0000000000000000e+00
   7.1603570555482511e-05  -2.6452684573812608e-04  -3.8730390190475413e-05   6.2362363311566950e-04   5.6007982807545212e-06   5.6195551178301164e-04  -5.9182438800078823e-05   2.9198336702376804e-04  -1.4846658682480283e-05  -6.3763627359036810e-05  -4.9210135211289373e-06   0.0000000000000000e+00
   7.1603732717973411e-05   1.7082479091220544e-04  -2.6452646479234004e-04  -3.8730553524172038e-05   6.2362289552114725e-04   5.6008033393151235e-06   5.6195579172789922e-04  -5.9182739792105231e-05   2.9198353335061877e-04  -1.4846584968254642e-05  -6.3763817717315497e-05  -4.9210973470975460e-06
   7.1603894663475857e-05   1.7082474530503243e-04  -2.6452608245397741e-04  -3.8730716892458181e-05   6.2362215794696844e-04   5.6008056114283547e-06   5.6195607410890885e-04  -5.9183042831791200e-05   2.9198369677248969e-04  -1.4846511380185300e-05  -6.3764004952788554e-05  -4.9211802701786530e-06
   7.1604056091580668e-05   1.7082469776176983e-04  -2.6452569892124910e-04  -3.8730880325580929e-05   6.2362142046831358e-04   5.6008045691748282e-06   5.6195635938441650e-04  -5.9183348265564552e-05   2.9198385772799188e-04  -1.4846437757305883e-05  -6.3764188731674448e-05   0.0000000000000000e+00
   7.1604216711518916e-05   1.7082464863996686e-04  -2.6452531440633424e-04  -3.8731043852749251e-05   6.2362068317166970e-04   5.6007996956140939e-06   5.6195664797642941e-04  -5.9183656405247789e-05   2.9198401670674896e-04  -6.3764368784982798e-05   1.5670990723355509e-04   0.0000000000000000e+00
   7.1604376247653463e-05   1.7082459831400712e-04  -2.6452492913015972e-04  -3.8731207501524940e-05   6.2361994615504023e-04   5.6195694026107414e-04  -5.9183967521353412e-05   2.9198417423877365e-04  -6.3764544912783700e-05   1.5671005905908996e-04   0.0000000000000000e+00   0.0000000000000000e+00
   7.1604534444719411e-05   1.7082454716856708e-04  -2.6452454331714169e-04  -3.8731371297228429e-05   6.2361920952787862e-04   5.6195723655983788e-04  -5.9184281837036735e-05   2.9198433088321922e-04   9.6566952856930084e-06  -6.3764716987420737e-05   1.5671022042073107e-04   0.0000000000000000e+00
   7.1604691072726958e-05   1.7082449559199710e-04  -2.6452415718999093e-04  -3.8731535262368512e-05   6.2361847341070749e-04   5.1633897501617403e-05   5.6195753713174021e-04  -5.9184599522823985e-05   2.9198448721668812e-04   9.6567489059911955e-06  -6.3764884955603312e-05   1.5671039264127085e-04
   7.1604845057711186e-05   1.7082444461213552e-04  -2.6452377194924906e-04   6.2361773705219155e-04   5.1634167785703511e-05   5.6195784504210159e-04  -5.9184922682666410e-05   2.9198464416801289e-04   9.6568033720354343e-06  -6.3765046803467647e-05   1.5671058819695274e-04   0.0000000000000000e+00
   7.1604995518845813e-05   1.7082439513023821e-04  -2.6452338860431725e-04   6.2361699987131456e-04   5.1634443606755022e-05   5.6195816275697369e-04  -5.9185252996970423e-05   2.9198480259626870e-04   9.6568611957825574e-06  -6.3765200963536621e-05   1.5671081721349952e-04   0.0000000000000000e+00
   7.1605144044978490e-05   1.7082434624343855e-04  -2.6452300540753452e-04   1.2378634047046462e-04   6.2361626375130911e-04   5.1634721863220878e-05   5.6195848465807571e-04  -5.9185586541879624e-05   2.9198496237684338e-04   9.6569186818791695e-06  -6.3765351609702166e-05   1.5671105779864908e-04
   7.1605290638619985e-05   1.7082429822304891e-04  -2.6452262242384543e-04   1.2378652333240752e-04   6.2361552893965997e-04   5.1635002107632790e-05   5.6195881039789331e-04  -5.9185923034368228e-05   2.9198512400053074e-04   9.6569761997250329e-06  -6.3765499197176526e-05   1.5671130894483518e-04
   7.1605435337130144e-05   1.7082425131863588e-04  -2.6452223970280312e-04   1.2378670607946437e-04   6.2361479568099720e-04   5.1635283856279671e-05   5.6195913957014288e-04  -5.9186262143781189e-05   2.9198528791995440e-04   9.6570340717456360e-06  -6.3765644231056275e-05   1.5671156940213446e-04
   7.1605578211264245e-05   1.7082420575509965e-04  -2.6452185727880067e-04   1.2378688843205367e-04   6.2361406421197567e-04   5.1635566598334287e-05   5.6195947171966496e-04  -5.9186603499445999e-05   2.9198545454029210e-04   9.6570925723280389e-06  -6.3765787254526255e-05   1.5671183770671820e-04
   7.1605719363201619e-05   1.7082416173015060e-04  -2.6452147517164691e-04   1.2378707012244226e-04   6.2361333475613489e-04   5.1635849805443723e-05   5.6195980635318930e-04  -5.9186946698950094e-05   2.9198562421074855e-04   9.6571519277725282e-06  -6.3765928836484367e-05   1.5671211221321031e-04
   7.1605858924097743e-05   1.7082411941220441e-04  -2.6452109338746078e-04   1.2378725089918867e-04   6.2361260751882751e-04   5.1636132941625595e-05   5.6196014295075770e-04  -5.9187291316929599e-05   2.9198579721690564e-04   9.6572123172122387e-06  -6.3766069558805641e-05   1.5671239113030589e-04
   7.1605997051206927e-05   1.7082407893871334e-04  -2.6452071191985528e-04   1.2378743053130948e-04   6.2361188268231108e-04   5.1636415473309997e-05   5.6196048097759469e-04  -5.9187636914209681e-05   2.9198597377407562e-04   9.6572738744404103e-06  -6.3766210003469881e-05   1.5671267255896234e-04
   7.1606133924627930e-05   1.7082404041494480e-04   1.2378760881210559e-04   6.2361116040109685e-04   5.1636696879363120e-05  -5.9187983047130523e-05   2.9198615402177032e-04   9.6573366905740323e-06  -6.3766350739778081e-05   1.5671295453244350e-04   0.0000000000000000e+00   0.0000000000000000e+00
   7.1606269743727333e-05   1.7082400391321497e-04   2.4750650441203247e-04   1.2378778556259285e-04   6.2361044079765058e-04   5.1636976660929673e-05  -3.3643361277405063e-05  -5.9188329276892587e-05   2.9198633801938120e-04   9.6574008174722462e-06  -6.3766492311882164e-05   1.5671323505747295e-04
   7.1606404723301183e-05   1.7082396947257992e-04   2.4750665827802599e-04   1.2378796063448313e-04   6.2360972395852725e-04   5.1637254350932623e-05  -3.3643239073196661e-05  -5.9188675178754109e-05   2.9198652574316167e-04   9.6574662718191584e-06  -6.3766635226847779e-05   1.5671351215574176e-04
   7.1606539089535902e-05   1.7082393709898084e-04   2.4750681075863919e-04   1.2378813391266853e-04   6.2360900993102368e-04   5.1637529523072905e-05  -3.3643117617768616e-05   2.9198671708457666e-04   9.6575330397732254e-06  -6.3766779943464440e-05   1.5671378390500984e-04   0.0000000000000000e+00
   1.7082390676583821e-04   2.4750696234089614e-04   1.2378830531716649e-04   6.2360829872043261e-04   5.1637801800177211e-05  -3.3642996868225148e-05   2.9198691185007900e-04   9.6576010820791425e-06  -6.3766926862005087e-05   1.5671404847905315e-04   0.0000000000000000e+00   0.0000000000000000e+00
   1.7082387841508122e-04   2.4750711356518823e-04   1.2378847480449046e-04   5.1638070861749834e-05  -3.3642876776108667e-05  -1.0946462039120917e-04   2.9198710976234831e-04   9.6576703395331860e-06  -6.3767076315128887e-05   1.5671430418571876e-04   0.0000000000000000e+00   0.0000000000000000e+00
   1.7082385221175084e-04   2.4750726483309361e-04   1.2378864137813244e-04   5.1638334601061169e-05  -3.3642756968311052e-05  -1.0946436635666145e-04   9.6577404171367825e-06  -6.3767231637663573e-05   0.0000000000000000e+00   0.0000000000000000e+00   0.0000000000000000e+00   0.0000000000000000e+00
   2.4750741661417697e-04   1.2378880425964792e-04  -7.6718450250371064e-05   5.1638591317659018e-05  -3.3642637126308120e-05  -1.0946410911349415e-04   9.6578109701440836e-06  -6.3767395521303359e-05   0.0000000000000000e+00   0.0000000000000000e+00   0.0000000000000000e+00   0.0000000000000000e+00
   2.6041287734499680e-04   2.4750756991212747e-04   1.2378896546450454e-04  -7.6718685222268432e-05   5.1638844533550680e-05  -3.3642517819476880e-05  -1.0946385063269902e-04   9.6578825464655948e-06  -6.3767562003287496e-05   0.0000000000000000e+00   0.0000000000000000e+00   0.0000000000000000e+00
   2.6041306726992816e-04   2.4750772540326838e-04   1.2378912520071862e-04  -7.6718922326608812e-05   5.1639094404617517e-05  -3.3642399019466618e-05  -1.0946359096515240e-04   9.6579550986846627e-06  -6.3767730759806292e-05   0.0000000000000000e+00   0.0000000000000000e+00   0.0000000000000000e+00
   2.6041325579725092e-04   2.4750788376490268e-04   1.2378928370214307e-04  -7.6719161221919260e-05   5.1639341149739227e-05  -3.3642280693886727e-05  -1.0946333018604347e-04  -6.3767901401938742e-05   0.0000000000000000e+00   0.0000000000000000e+00   0.0000000000000000e+00   0.0000000000000000e+00
   2.6041344324242706e-04   2.4750804566357277e-04   1.2378944122286675e-04  -7.6719401519052051e-05   5.1639585045243030e-05  -3.3642162805940313e-05  -1.0946306839303553e-04  -6.3768073486342679e-05   0.0000000000000000e+00   0.0000000000000000e+00   0.0000000000000000e+00   0.0000000000000000e+00
   2.6041362994005376e-04  -4.8399902963684396e-06   2.4750821174339969e-04   1.2378959803129150e-04  -7.6719642791063237e-05   5.1639826418449581e-05  -3.3642045314066505e-05  -1.0946280570403183e-04   0.0000000000000000e+00   0.0000000000000000e+00   0.0000000000000000e+00   0.0000000000000000e+00
   2.6041381623700418e-04  -4.8404690999024521e-06   2.4750838261466815e-04   1.2378975440399651e-04  -7.6719884583805397e-05   5.1640065640437943e-05  -3.3641928171608269e-05  -1.0946254225459317e-04   0.0000000000000000e+00   0.0000000000000000e+00   0.0000000000000000e+00   0.0000000000000000e+00
   2.6041400248539258e-04  -4.8409467196640004e-06   2.4750855884282609e-04   1.2378991061949733e-04  -7.6720126427032916e-05   5.1640303118161343e-05  -3.3641811326521650e-05  -1.0946227819505955e-04   5.5348802726040694e-05   0.0000000000000000e+00   0.0000000000000000e+00   0.0000000000000000e+00
   2.6041418903547758e-04  -4.8414229984433605e-06   2.4750874093805453e-04   1.2379006695201206e-04  -7.6720367845812130e-05   5.1640539286052447e-05  -3.3641694721143492e-05  -1.0946201368743240e-04   5.5348768119972974e-05   3.6887274532082417e-04   0.0000000000000000e+00   0.0000000000000000e+00
   2.6041437622862767e-04  -4.8418977904238680e-06   2.4750892934556553e-04   1.2379022366534377e-04  -7.6720608372026527e-05   5.1640774597262593e-05  -3.3641578292032958e-05  -1.0946174890207456e-04   5.5348733566363265e-05   3.6887266714598604e-04   9.3497580684635484e-05   0.0000000000000000e+00
   2.6041456439046415e-04  -4.8423709654670447e-06   2.4750912443677315e-04   1.2379038100699007e-04  -7.6720847555762807e-05   5.1641009514682874e-05  -3.3641461969902720e-05  -1.0946148401428955e-04   5.5348699146220023e-05   3.6887258706506980e-04   9.3498054779994890e-05   0.0000000000000000e+00
   2.6041475382429914e-04  -4.8428424131851072e-06   2.4750932650147628e-04   1.2379053920258360e-04  -7.6721084976368064e-05   5.1641244501897572e-05  -3.3641345679653459e-05  -1.0946121920084279e-04   5.5348664944375995e-05   3.6887250496125078e-04   9.3498529723913949e-05   0.0000000000000000e+00
   2.6041494480498007e-04  -4.8433120467215032e-06   2.4750953574117867e-04   1.2379069845076736e-04  -7.6721320252970762e-05  -3.3641229340524868e-05  -1.0946095463648621e-04   5.5348631047397279e-05   3.6887242074585831e-04   9.3499005846350253e-05   0.0000000000000000e+00   0.0000000000000000e+00
   2.6041513757324919e-04  -4.8437798061637974e-06   2.4750975226365993e-04   1.2379085891859836e-04  -7.6721553054266784e-05  -3.3641112866374421e-05  -1.0946069049054828e-04   5.5348597541456297e-05   3.6887233436052631e-04   9.3499483452561520e-05   3.0386037077098903e-04   0.0000000000000000e+00
   2.6041533373062539e-04  -4.8442446489835936e-06   2.4750997786450121e-04   1.2379102221875247e-04  -7.6721780667243550e-05  -3.3640996618356502e-05  -1.0946042750786815e-04   5.5348564988268436e-05   3.6887224534967391e-04   9.3499964106539930e-05   3.0386033655713110e-04   0.0000000000000000e+00
   2.6041553457979190e-04  -4.8447057497559464e-06   2.4751021391309453e-04   1.2379118965485291e-04  -7.6722000890225775e-05  -3.3640880870713654e-05  -1.0946016631490412e-04   5.5348533857748704e-05   3.6887215336944276e-04   9.3500449102882550e-05   3.0386030439122862e-04   0.0000000000000000e+00
   2.6041573747904263e-04  -4.8451651362897856e-06   2.4751045670605383e-04   1.2379135836549857e-04  -7.6722218387663058e-05  -3.3640764634871922e-05  -1.0945990589697091e-04   5.5348503282302239e-05   3.6887205930541785e-04   9.3500936110633639e-05   3.0386027313838065e-04   0.0000000000000000e+00
   2.6041594234268452e-04  -4.8456229873408540e-06   2.4751070576238397e-04   1.2379152820319347e-04  -7.6722433359922249e-05  -4.3620917302539102e-05  -3.3640647761224823e-05  -1.0945964630957141e-04   5.5348473275705897e-05   3.6887196327885924e-04   9.3501425155782038e-05   3.0386024288379764e-04
   2.6041614904516848e-04  -4.8460795095376103e-06   2.4751096051663969e-04   1.2379169898881775e-04  -7.6722646068570511e-05  -4.3621045728370175e-05  -3.3640530102073419e-05  -1.0945938759358580e-04   5.5348443845533127e-05   3.6887186544210193e-04   9.3501916231102379e-05   3.0386021369196954e-04
   2.6041635742483536e-04  -4.8465349340529031e-06   2.4751122032828709e-04   1.2379187051652198e-04  -7.6722856830407869e-05  -4.3621175967018729e-05  -3.3640411514248868e-05  -1.0945912977532500e-04   5.5348414993187912e-05   3.6887176597655833e-04   9.3502409298701214e-05   3.0386018560606489e-04
   2.6041656728826467e-04  -4.8469895128510110e-06   2.4751148449213403e-04   1.2379204255912971e-04  -7.6723066010486306e-05  -4.3621307804695341e-05  -3.3640291861747040e-05  -1.0945887286683836e-04   5.5348386714025229e-05   3.6887166509032168e-04   9.3502904293035798e-05   3.0386015864769739e-04
   2.6041677841513397e-04  -4.8474435145751206e-06   2.4751175224966735e-04   1.2379221487394157e-04  -7.6723274014249242e-05  -4.3621441025768505e-05  -3.3640171018330719e-05  -1.0945861686646273e-04   5.5348358997546540e-05   3.6887156301539700e-04   9.3503401124327970e-05   3.0386013281704754e-04
   2.6041699056349757e-04  -4.8478972201446981e-06   2.4751202280111161e-04   1.2379238720882841e-04  -4.3621575415070431e-05  -3.3640048870054613e-05  -1.0945836175959466e-04   5.5348331827659167e-05   3.6887146000459550e-04   9.3503899682291058e-05   3.0386010809333087e-04   0.0000000000000000e+00
   2.6041720347538144e-04  -4.8483509181359268e-06   2.4751229531802765e-04   1.5395748359355233e-04  -4.3621710760182448e-05  -3.3639925317668985e-05  -1.0945810751966545e-04   5.5348305182987306e-05   3.6887135632813133e-04   9.3504399840083329e-05   3.0386008443559348e-04   0.0000000000000000e+00
   2.6041741688259305e-04  -4.8488049000209146e-06   2.4751256895625659e-04   1.5395759111071639e-04  -4.3621846853657764e-05  -3.3639800278858075e-05   5.5348279037221036e-05   3.6887125226996100e-04   9.3504901458401149e-05   3.0386006178381763e-04   0.0000000000000000e+00   0.0000000000000000e+00
   2.6041763051263970e-04  -4.8492594553431494e-06   2.4751284286901446e-04  -8.8761309568950986e-07   1.5395769694484824e-04  -4.3621983495138703e-05  -3.3639673690271511e-05   5.5348253359491609e-05   3.6887114812390859e-04   9.3505404389622489e-05   3.0386004006031469e-04   0.0000000000000000e+00
   2.6041784409464838e-04  -4.8497148669074618e-06  -8.8763656189071543e-07   1.5395780145778827e-04  -4.3622120493326508e-05  -3.3639545509308279e-05   5.5348228114758459e-05   3.6887104418962803e-04   9.3505908481913348e-05   3.0386001917137318e-04   0.0000000000000000e+00   0.0000000000000000e+00
   2.6041805736518134e-04  -4.8501714060625487e-06  -8.8766217745359112e-07   1.5395790503414033e-04  -4.3622257667763730e-05   5.5348203264196720e-05   3.6887094076844409e-04   9.3506413583209844e-05   3.0385999900914328e-04   0.0000000000000000e+00   0.0000000000000000e+00   0.0000000000000000e+00
   2.6041827007384588e-04  -8.8768989148770289e-07   1.5395800807596702e-04  -4.3622394850389455e-05   5.5348178765571864e-05   3.6887083815912840e-04   9.3506919544993368e-05   3.0385997945371482e-04   0.0000000000000000e+00   0.0000000000000000e+00   0.0000000000000000e+00   0.0000000000000000e+00
   2.6041848086807669e-04  -8.8772120517248443e-07   1.5395811041564556e-04  -4.3622531219679908e-05   5.5348154093021864e-05   3.6887073650198558e-04   9.3507424771038707e-05   3.0385996036230017e-04   0.0000000000000000e+00   0.0000000000000000e+00   0.0000000000000000e+00   0.0000000000000000e+00
   2.6041868862296578e-04  -8.8775728753928042e-07   1.5395821199761878e-04  -4.3622666090507617e-05   5.5348128805613886e-05   3.6887063595398992e-04   9.3507927940668733e-05   3.0385994158705699e-04   0.0000000000000000e+00   0.0000000000000000e+00   0.0000000000000000e+00   0.0000000000000000e+00
   2.6041889536081782e-04  -6.5909368519407260e-05  -4.9263139308511716e-06  -8.8779483081526337e-07   1.5395831438526160e-04  -4.3622800650491012e-05   5.6002739600104769e-06   5.5348103797876564e-05   3.6887053707926315e-04   9.3508431796129369e-05   3.0385992301155100e-04   0.0000000000000000e+00
   2.6041910104978330e-04  -6.5909520551631567e-05  -4.9264139230254404e-06  -8.8783345326508744e-07   1.5395841805332234e-04  -4.3622934861160893e-05   5.6001896423159226e-06   5.5348079067610084e-05   3.6887044014052107e-04   9.3508936387021592e-05   3.0385990449259038e-04   0.0000000000000000e+00
   2.6041930568342715e-04  -6.5909674296949232e-05  -4.9265142033699536e-06  -8.8787274882334423e-07   1.5395852345933707e-04  -4.3623068694198501e-05   5.6000965052112224e-06   5.5348054606582900e-05   3.6887034537634621e-04   9.3509441767707202e-05   3.0385988588698288e-04   0.0000000000000000e+00
   2.6041950927957399e-04  -6.5909829360929551e-05  -4.9266146081303855e-06  -8.8791229520788150e-07   1.5395863103559495e-04  -4.3623202128860367e-05   5.5999969906935396e-06   5.5348030399090538e-05   3.6887025299715072e-04   9.3509947993708370e-05   3.0385986705402170e-04   0.0000000000000000e+00
   2.6041971187870915e-04  -6.5909985323357650e-05  -4.9267149719957431e-06  -8.8795166238431600e-07   1.5395874118138294e-04  -4.3623335149207024e-05   5.5998936741183221e-06   5.5348006420592017e-05   3.6887016318147065e-04   9.3510455117916177e-05   3.0385984785791969e-04   0.0000000000000000e+00
   2.6041991354197602e-04  -6.5910141748607505e-05  -4.9268151325570049e-06  -8.8799042123559119e-07   1.5395885425563394e-04  -4.3623467741185653e-05   5.5997892046203173e-06  -1.4842830195781595e-05   5.5347982636461590e-05   3.6887007607265125e-04   9.3510963186702980e-05   3.0385982817015541e-04
   2.6042011434882596e-04  -6.5910298196287579e-05  -4.9269149347373036e-06  -8.8802815228706948e-07   1.5395897057009735e-04  -4.3623599889620040e-05   5.5996862442004830e-06  -1.4842787625910172e-05   5.5347959000893071e-05   3.6886999177597392e-04   9.3511472236032281e-05   3.0385980787169832e-04
   2.6042031439436767e-04  -6.5910454231956909e-05  -4.9270142351088578e-06  -8.8806445433620478e-07   1.5395909038314382e-04  -4.3623731575161757e-05   5.5995874066074903e-06  -1.4842744184758224e-05   3.6886991035627969e-04   9.3511982287664206e-05   3.0385978685507715e-04   0.0000000000000000e+00
   2.6042051378647889e-04  -6.5910609437708602e-05  -4.9271129060130492e-06  -8.8809895283629546e-07   1.5395921389431487e-04  -4.3623862771258956e-05   5.5994951971464297e-06  -1.4842699371829730e-05   9.3512493345552814e-05   3.0385976502626480e-04   0.0000000000000000e+00   0.0000000000000000e+00
   2.6042071264273804e-04  -6.5910763422419638e-05  -4.9272108394022238e-06  -8.8813130788622704e-07   1.5395934123971539e-04  -4.3623993441198370e-05   5.5994119545362134e-06  -1.4842652707813306e-05   9.3513005392528299e-05   3.0385974230634461e-04   0.0000000000000000e+00   0.0000000000000000e+00
  -6.5910915831470581e-05  -4.9273079503250909e-06  -8.8816122168240242e-07   1.5395947248833796e-04  -4.3624123535276566e-05   5.5993397959115162e-06  -1.4842603745758011e-05  -2.6450234863636848e-04   9.3513518387356286e-05   3.0385971863293833e-04   0.0000000000000000e+00   0.0000000000000000e+00
  -6.5911066355745144e-05  -4.9274041799820412e-06  -8.8818844529524089e-07   1.5395960763940481e-04  -4.3624252988155911e-05   5.5992805660244131e-06  -1.4842552081709163e-05  -2.6450197176070743e-04   9.3514032262259053e-05   0.0000000000000000e+00   0.0000000000000000e+00   0.0000000000000000e+00
  -6.5911214739729917e-05  -4.9274994982820488e-06  -8.8821278464066441e-07   1.5395974662078918e-04  -4.3624381716458871e-05   5.5992357916461909e-06  -1.4842497364603043e-05  -2.6450159270704918e-04   9.3514546920979465e-05   0.0000000000000000e+00   0.0000000000000000e+00   0.0000000000000000e+00
  -6.5911357789106718e-05  -4.9275926419845063e-06  -8.8823209897678928e-07   1.5395989132219987e-04  -4.3624509786725049e-05   5.5992223984058006e-06  -1.4842436754648533e-05  -2.6450121020661101e-04   9.3515064133068608e-05   0.0000000000000000e+00   0.0000000000000000e+00   0.0000000000000000e+00
  -5.9205433454816507e-05  -6.5911492923191522e-05  -8.8824467752180754e-07   1.5396004319131066e-04  -4.3624637212534157e-05   5.5992540475821435e-06  -1.4842367947057398e-05  -2.6450082325903248e-04   9.3515585291816317e-05   0.0000000000000000e+00   0.0000000000000000e+00   0.0000000000000000e+00
  -5.9205799845710003e-05  -6.5911625982783336e-05  -8.8825446261332239e-07   1.5396019794501134e-04   5.5993001194891302e-06  -1.4842295814246794e-05  -2.6450043436519055e-04   9.3516106482688122e-05   0.0000000000000000e+00   0.0000000000000000e+00   0.0000000000000000e+00   0.0000000000000000e+00
  -5.9206168983833168e-05  -6.5911757299693481e-05  -8.8826173025574033e-07   1.5396035501946817e-04   5.5993588906790086e-06  -1.4842220562647086e-05  -2.6450004375698835e-04   0.0000000000000000e+00   0.0000000000000000e+00   0.0000000000000000e+00   0.0000000000000000e+00   0.0000000000000000e+00
  -5.9206540420394065e-05  -6.5911887256333237e-05  -8.8826680880237304e-07   1.5396051380607521e-04   5.5994283289469688e-06  -1.4842142462699552e-05  -2.6449965169876452e-04   0.0000000000000000e+00   0.0000000000000000e+00   0.0000000000000000e+00   0.0000000000000000e+00   0.0000000000000000e+00
  -5.9206913657899455e-05  -6.5912016275819331e-05   1.5672089840832162e-04  -8.8827007157299533e-07   1.5396067366359856e-04   5.5995061459662758e-06  -1.4842061842571591e-05  -2.6449925848198231e-04   0.0000000000000000e+00   0.0000000000000000e+00   0.0000000000000000e+00   0.0000000000000000e+00
  -5.9207288159884711e-05  -6.5912144811265371e-05   1.5672106892931722e-04  -8.8827192870749079e-07   1.5396083393089040e-04   5.5995898549100306e-06  -1.4841979080872756e-05  -2.6449886441946006e-04   0.0000000000000000e+00   0.0000000000000000e+00   0.0000000000000000e+00   0.0000000000000000e+00
  -5.9207663361323850e-05  -6.5912273334471378e-05   1.5672124338910048e-04  -8.8827281840445591e-07   1.5396099393995318e-04   9.6637756433681836e-06   5.5996768319379148e-06  -1.4841894598514927e-05  -2.6449846983924038e-04   0.0000000000000000e+00   0.0000000000000000e+00   0.0000000000000000e+00
  -5.9208038679532152e-05  -6.5912402324235195e-05   1.5672142121670796e-04  -8.8827319770127848e-07   1.5396115302913771e-04   9.6638859887725977e-06   5.5997643803740617e-06  -1.4841808849870243e-05  -2.6449807507820781e-04  -3.8742642562313114e-05   0.0000000000000000e+00   0.0000000000000000e+00
  -5.9208413525368068e-05  -6.5912532254513143e-05   1.5672160182186764e-04  -8.8827353295770453e-07   1.5396131055624997e-04   9.6640006281892673e-06   5.5998497963659300e-06  -1.4841722313389140e-05  -2.6449768047555783e-04  -3.8742794775850807e-05   7.1614787282342233e-05   1.7082250143167773e-04
  -5.9208787314537363e-05  -6.5912663582660055e-05   1.5672178460903334e-04  -8.8827429020840806e-07   1.5396146591134803e-04   9.6641207141896574e-06   5.5999304347939160e-06  -1.4841635481847228e-05  -2.6449728636623057e-04  -3.8742948057312807e-05   7.1614942222194332e-05   1.7082247840940221e-04
  -5.9209159478800705e-05  -6.5912796737977719e-05   1.5672196899143740e-04   1.5396161852901030e-04   9.6642472882931303e-06   5.6000037741974130e-06  -1.4841548852393656e-05  -2.6449689307441810e-04  -3.8743102643341524e-05   7.1615098252770799e-05   1.7082245387284022e-04   0.0000000000000000e+00
  -5.9209529476888435e-05  -6.5912932110796346e-05   1.5672215440490716e-04   1.5396176789986144e-04   9.6643812528613117e-06   5.6000674794952121e-06  -1.4841462916575768e-05  -2.6449650090725483e-04  -3.8743258743463319e-05   7.1615255197848555e-05   1.7082242765277428e-04   0.0000000000000000e+00
  -5.9209896804929148e-05  -6.5913070042306621e-05   1.5672234032119490e-04   1.5396191358115825e-04   9.6645233453655649e-06   5.6001194613067209e-06  -1.4841378150514234e-05  -2.6449611014879793e-04  -3.8743416534650086e-05   7.1615412855575219e-05   1.7082239960289610e-04   0.0000000000000000e+00
  -5.9210261006206127e-05  -6.5913210815350640e-05   1.5672252626057657e-04   1.5396205520623929e-04   9.6646741155448211e-06   5.6001579307246696e-06  -1.4841295005400465e-05  -2.6449572105440125e-04  -3.8743576156488497e-05   7.1615571001061983e-05   1.7082236960271635e-04   0.0000000000000000e+00
  -5.9210619245599911e-05  -6.5913358068484250e-05   1.5672270931656575e-04   2.9199762974649616e-04   1.5396218961538990e-04   9.6648419705400900e-06   5.6001663366125226e-06  -1.4841215723995063e-05  -2.6449533509019383e-04  -3.8743739724802752e-05   7.1615730183230636e-05   1.7082233688740548e-04
  -5.9210969196061810e-05  -6.5913514742834759e-05   1.5672288710696084e-04   2.9199779784878845e-04   1.5396231426468635e-04   9.6650336234024477e-06   5.6001312767725588e-06  -1.4841142173723699e-05  -2.6449495345685974e-04  -3.8743908942504228e-05   7.1615890789636049e-05   1.7082230084531307e-04
  -5.9211315378879702e-05  -6.5913674173820615e-05   1.5672306425289594e-04   2.9199796611202811e-04   1.5396243471661912e-04   9.6652331006128982e-06   5.6000818480604182e-06  -1.4841071089829882e-05  -2.6449457384774617e-04  -3.8744079847776822e-05   7.1616050985101842e-05   1.7082226276969633e-04
  -5.9211657860156317e-05  -6.5913835984491204e-05   1.5672324083369253e-04   2.9199813458731185e-04   1.5396255127746338e-04   9.6654391980649894e-06  -1.4841002548893858e-05  -2.6449419622739229e-04  -3.8744252185728511e-05   7.1616210403439029e-05   1.7082222273499318e-04   0.0000000000000000e+00
  -5.9211996766039098e-05  -6.5913999742233054e-05   1.5672341700099488e-04   2.9199830332414040e-04   9.6656505346351222e-06  -1.4840936580470812e-05  -2.6449382052283997e-04  -3.8744425668923009e-05   7.1616368680934360e-05   1.7082218084399299e-04   0.0000000000000000e+00   0.0000000000000000e+00
  -5.9212332277350859e-05  -6.5914164969762778e-05   1.5672359297456081e-04   2.9199847237530111e-04   5.1654856726527710e-05   9.6658655810182566e-06   5.6198354962533077e-04  -1.4840873168591634e-05  -2.6449344662617943e-04  -3.8744599984487074e-05   7.1616525463642447e-05   1.7082213722575314e-04
  -5.9212664623332120e-05  -6.5914331157015892e-05   1.5672376903675783e-04   2.9199864180195931e-04   5.1655110525040440e-05   9.6660826913384351e-06   5.6198386450158301e-04  -1.4840812254004308e-05  -2.6449307439763657e-04  -3.8744774801711099e-05   7.1616680414645538e-05   1.7082209203315274e-04
  -5.9212994074633266e-05  -6.5914497773692483e-05   1.5672394552587436e-04   2.9199881167879657e-04   5.1655365937162943e-05   9.6663001369524570e-06   5.6198418154214033e-04  -1.4840753737088958e-05  -2.6449270366913995e-04  -3.8744949779993613e-05   7.1616833221162097e-05   1.7082204544012806e-04
  -5.9213320935703635e-05  -6.5914664282211587e-05   1.5672412282836387e-04   2.9199898209903758e-04   5.1655623062112096e-05   9.6665161418365599e-06   5.6198450024153013e-04  -1.4840697481371704e-05  -2.6449233424829274e-04  -3.8745124576973651e-05   7.1616983601384139e-05   1.7082199763863962e-04
  -5.9213645536732444e-05  -6.5914830150822588e-05   1.5672430137015760e-04   2.9199915317920124e-04   5.1655881967648747e-05   9.6667289189255836e-06   5.6198482003931604e-04  -1.4840643317555600e-05  -2.6449196592267014e-04  -3.8745298856694006e-05   7.1617131310924620e-05   1.7082194883542314e-04
  -5.9213968225300327e-05  -6.5914994866616666e-05   1.5672448160719001e-04   2.9199932506341535e-04   5.1656142688044812e-05   9.6669367067620219e-06   5.6198514032899612e-04  -2.6449159846436525e-04  -3.8745472297636570e-05   7.1617276148762591e-05   1.7082189924857625e-04   0.0000000000000000e+00
  -5.9214289357903827e-05   1.5672466401529120e-04   2.9199949792714199e-04   5.1656405222584019e-05   9.6671378058084048e-06   5.6198546046771385e-04  -2.6449123163469813e-04  -3.8745644600473275e-05   7.1617417962576064e-05   1.7082184910403961e-04   0.0000000000000000e+00   0.0000000000000000e+00
  -5.9214609291515508e-05   6.2355527832679664e-04   1.5672484907960931e-04   2.9199967198016295e-04   5.1656669534637538e-05   9.6673306137811140e-06   5.6198577978666881e-04  -3.8745815495379825e-05   7.1617556653360832e-05   1.7082179863202418e-04   0.0000000000000000e+00   0.0000000000000000e+00
  -5.9214928375340659e-05   6.2355454150384612e-04   1.5672503728373076e-04   2.9199984746869172e-04   5.1656935551347948e-05   9.6675136593763866e-06   5.6198609760210033e-04  -6.3778502927693101e-05  -3.8745984748765485e-05   7.1617692179240603e-05   1.7082174806344369e-04   0.0000000000000000e+00
  -5.9215246942927737e-05   6.2355380400830026e-04   1.5672522909867013e-04   2.9200002467647971e-04   5.1657203163947956e-05   9.6676856337801509e-06   5.6198641322670968e-04  -6.3778637945278646e-05  -3.8746152169279657e-05   7.1617824558382770e-05   1.7082169762640587e-04   0.0000000000000000e+00
  -5.9215567357292964e-05   6.2355306600188299e-04   1.5672542526122771e-04   2.9200019989555995e-04   5.1657473753007612e-05   9.6678378433704975e-06   5.6198672666727507e-04  -6.3778775764284881e-05  -3.8746315050010722e-05   7.1617952203441518e-05   1.7082164817389041e-04   0.0000000000000000e+00
   6.2355232762243567e-04   1.5672562642113835e-04   2.9200037018935210e-04   5.1657748387721454e-05   9.6679631931960028e-06   5.6198703782551584e-04  -6.3778916996137808e-05  -3.8746471203187469e-05   7.1618073894178500e-05   1.7082160043431664e-04   0.0000000000000000e+00   0.0000000000000000e+00
   6.2355158854003742e-04   1.5672583237800620e-04   2.9200054387276068e-04   5.1658023862628032e-05   9.6680759183958658e-06   5.6198734472556072e-04  -3.3632924627486758e-05  -6.3779060948895928e-05  -3.8746625631122075e-05   7.1618193115499684e-05   1.7082155336670934e-04   0.0000000000000000e+00
   6.2355084875433727e-04   1.5672604341551645e-04   2.9200072179104864e-04   5.1658299781355853e-05   9.6681764082207266e-06   5.6198764671189477e-04  -3.3632778850807334e-05  -6.3779207735294285e-05  -3.8746778622334757e-05   7.1618310310025957e-05   1.7082150708950324e-04   0.0000000000000000e+00
   6.2355010827872361e-04   2.9200090478115890e-04   5.1658575735624783e-05   9.6682652575025962e-06   5.6198794318981337e-04  -3.3632632379578572e-05  -6.3779357428290037e-05  -3.8746930501616498e-05   7.1618425965663341e-05   1.7082146170865629e-04   0.0000000000000000e+00   0.0000000000000000e+00
  -4.8752990335882897e-06   6.2354936714230998e-04   2.9200109365219539e-04   5.1658851314356113e-05   9.6683432498315152e-06   5.6198823363864264e-04  -3.3632485481684773e-05  -6.3779510060787322e-05  -3.8747081621213139e-05   7.1618540606648874e-05   1.7082141731756178e-04   0.0000000000000000e+00
  -4.8757987980525136e-06   6.2354862539171273e-04  -7.6736414904071866e-05   2.9200128916573385e-04   5.1659126112907763e-05   9.6684113376897952e-06   5.6198851762417077e-04  -3.3632338433342005e-05  -6.3779665625884083e-05  -3.8747232351442780e-05   7.1618654783941210e-05   1.7082137399714503e-04
  -4.8762997486975466e-06   6.2354788309256924e-04  -7.6736631446781885e-05   2.9200149201632917e-04   5.1659399742266504e-05   5.6198879481007423e-04  -3.3632191513873566e-05  -6.3779824077627223e-05  -3.8747383070936585e-05   7.1618769065113938e-05   1.7082133181612320e-04   0.0000000000000000e+00
  -4.8768017813664341e-06   6.2354714033076015e-04  -7.6736848734824072e-05   2.9200170281259118e-04   5.1659671838027737e-05   5.6198906496816674e-04  -3.3632045000436529e-05  -6.3779985332260080e-05  -3.8747534156699585e-05   7.1618884023913552e-05   1.7082129083140297e-04   0.0000000000000000e+00
  -4.8773047863376943e-06   6.2354639721329339e-04  -7.6737066526562817e-05   2.9200192205918780e-04   5.1659942068995724e-05   5.6198932798726565e-04  -3.3631899162787606e-05  -6.3780149269939212e-05  -3.8747685974190686e-05   7.1619000229650832e-05   1.7082125108858933e-04   0.0000000000000000e+00
  -4.8778086514258444e-06   6.2354565386882105e-04  -7.6737284573965623e-05   2.9200215014013847e-04   5.1660210145241151e-05   1.2380249817152753e-04   5.6198958388052557e-04  -3.3631754258175805e-05  -6.3780315736894084e-05  -3.8747838867620956e-05   7.1619118236595705e-05   1.7082121262257917e-04
  -4.8783132650913979e-06   6.2354491044775014e-04  -7.6737502629395198e-05   2.9200238730374011e-04   5.1660475825458973e-05   1.2380265812291698e-04   5.6198983279107497e-04  -3.3631610526448242e-05  -6.3780484547999044e-05  -3.8747993150667175e-05   7.1619238573544688e-05   1.7082117545821145e-04
  -4.8788185195001244e-06   6.2354416712193149e-04  -7.6737720452317969e-05   2.9200263364945460e-04   5.1660738923478046e-05   1.2380281936939187e-04   5.6199007499581647e-04  -3.3631468185452786e-05  -6.3780655489721884e-05  -3.8748149097791726e-05   1.7082113961094700e-04   0.0000000000000000e+00
  -4.8793243134721273e-06   6.2354342408389816e-04  -7.6737937815802196e-05   2.9200288911706478e-04   5.1660999313783941e-05   1.2380298205246111e-04   5.6199031090728110e-04  -3.3631327426817800e-05  -6.3780828323411437e-05  -3.8748306936352612e-05   1.7082110508754870e-04   0.0000000000000000e+00
  -4.8798305552629345e-06   6.2354268154564570e-04  -7.6738154512681264e-05   2.9200315347837551e-04   5.1661256935929840e-05   1.2380314629529068e-04   5.6199054107343340e-04  -3.3631188412184099e-05  -6.3781002788882045e-05  -3.8748466839675582e-05   1.7082107188674017e-04   0.0000000000000000e+00
  -4.8803364718131249e-06   6.2354193856249999e-04  -7.6738368892132291e-05   2.9200343244223132e-04   5.1661508864087781e-05   1.2380331248982849e-04   5.6199076321783545e-04  -3.3631052326159028e-05  -6.3781178754915958e-05  -3.8748632171102056e-05   2.4752639789564094e-04   0.0000000000000000e+00
  -4.8808414308188764e-06   6.2354119441965250e-04  -7.6738579601968616e-05   2.9200373042676566e-04   5.1661752777734982e-05   1.2380348095277662e-04   5.6199097573220906e-04  -3.3630920124775683e-05  -6.3781356049884459e-05  -3.8748805636725662e-05   2.4752662516811511e-04   3.6886593446775753e-04
  -4.8813467464129126e-06   6.2354045168497632e-04  -7.6738789415237670e-05   2.9200403466286991e-04   5.1661994594321316e-05   1.2380365117126417e-04   5.6199118536406228e-04  -3.3630789785649716e-05  -6.3781534084380499e-05  -3.8748980827370714e-05   2.4752685457787144e-04   3.6886585364192192e-04
  -4.8818524600954866e-06   6.2353971075025866e-04  -7.6738998409299581e-05   2.9200434358370305e-04   5.1662234840519902e-05   1.2380382314556708e-04   5.6199139346910980e-04  -3.3630661213067624e-05  -6.3781712536836464e-05   2.4752708575255034e-04   3.6886577186840216e-04   0.0000000000000000e+00
   6.2353897200401079e-04  -7.6739206691102586e-05   2.9200465550888681e-04   1.2380399685203985e-04   5.6199160148070223e-04  -3.3630534280174954e-05  -6.3781891086103158e-05   3.0385822351032006e-04   2.4752731828512866e-04   3.6886568920398518e-04   0.0000000000000000e+00   0.0000000000000000e+00
   6.2353823582376555e-04  -7.6739414394400940e-05   2.9200496867505196e-04   1.2380417224349012e-04   5.6199181088713182e-04  -3.3630408832536301e-05  -6.3782069416285579e-05   3.0385819403680968e-04   2.4752755174436747e-04   3.6886560572871823e-04   0.0000000000000000e+00   0.0000000000000000e+00
   6.2353750256834704e-04  -7.6739621676425913e-05   2.9200528126803590e-04   1.2380434924985905e-04   5.6199202320778290e-04  -3.3630284692162594e-05  -6.3782247221484719e-05   3.0385816585277461e-04   2.4752778568578378e-04   3.6886552154278608e-04   0.0000000000000000e+00   0.0000000000000000e+00
   6.2353677257024449e-04  -7.6739828714082761e-05   2.9200559145618001e-04   1.2380452777919435e-04   5.6199223996847216e-04  -3.3630161661929105e-05  -6.3782424210383082e-05   3.0385813912043279e-04   2.4752801966291811e-04   3.6886543676298679e-04   0.0000000000000000e+00   0.0000000000000000e+00
   6.2353604612823193e-04  -7.6740035699752616e-05   1.2380470771890234e-04   5.6199246267634448e-04  -3.3630039530304304e-05  -6.3782600110610870e-05   3.0385811397881435e-04   2.4752825323866811e-04   3.6886535151888834e-04   0.0000000000000000e+00   0.0000000000000000e+00   0.0000000000000000e+00
   6.2353532350035903e-04  -7.6740242836782096e-05   1.2380488893726016e-04   5.6199269279468879e-04  -3.3629918076304357e-05  -6.3782774672831857e-05   3.0385809053979761e-04   2.4752848599645608e-04   3.6886526594874974e-04   0.0000000000000000e+00   0.0000000000000000e+00   0.0000000000000000e+00
  -4.3627356976685138e-05   6.2353460489744444e-04  -7.6740450334749811e-05   1.2380507128516757e-04   5.6199293171804786e-04  -3.3629797074586556e-05  -6.3782947674493641e-05   3.0385806888453605e-04   2.4752871755099177e-04   3.6886518019529972e-04   0.0000000000000000e+00   0.0000000000000000e+00
  -4.3627469290327635e-05   6.2353389047720446e-04  -7.6740658404599098e-05   2.6043283379397912e-04   1.2380525459811640e-04  -3.3629676300592574e-05  -6.3783118923186873e-05   3.0385804906035002e-04   2.4752894755840951e-04   3.6886509440146024e-04   0.0000000000000000e+00   0.0000000000000000e+00
  -4.3627583603153482e-05  -7.6740867253729321e-05   2.6043303946050904e-04   1.2380543869835211e-04  -3.3629555535652913e-05  -6.3783288259564502e-05   3.0385803107815215e-04   2.4752917572555604e-04   3.6886500870611028e-04   0.0000000000000000e+00   0.0000000000000000e+00   0.0000000000000000e+00
  -4.3627698938188949e-05  -7.6741077081138025e-05   2.6043324481895549e-04  -4.9331253705401425e-06   1.2380562339720115e-04  -3.3629434571963287e-05  -6.3783455559776421e-05   3.0385801491046729e-04   2.4752940181822130e-04   3.6886492323997671e-04   0.0000000000000000e+00   0.0000000000000000e+00
  -4.3627814342637994e-05  -7.6741288072704894e-05   2.6043344984477348e-04  -4.9332109707382420e-06   1.2380580849753549e-04  -3.3629313217346651e-05   3.0385800049010248e-04   3.6886483812174458e-04   0.0000000000000000e+00   0.0000000000000000e+00   0.0000000000000000e+00   0.0000000000000000e+00
  -4.3627924752716799e-05  -7.6741501362895172e-05   2.6043365410085000e-04  -4.9332999562191775e-06   1.2380599385686402e-04  -8.8930307364051618e-07  -3.3629190545149191e-05   3.0385798914697883e-04   3.6886475476260793e-04   0.0000000000000000e+00   0.0000000000000000e+00   0.0000000000000000e+00
  -4.3628025915421572e-05   9.3545303320915951e-05  -7.6741717888141364e-05   2.6043385723504973e-04  -4.9333930688043297e-06   1.2380617931842137e-04  -8.8930872577548142e-07  -3.3629065790547746e-05   3.0385798190852957e-04   3.6886467431627870e-04   0.0000000000000000e+00   0.0000000000000000e+00
  -4.3628125199175168e-05   9.3545791606251306e-05  -7.6741935869420672e-05   2.6043406007434950e-04  -4.9334886422452130e-06   1.2380636455641336e-04  -8.8931406163168369e-07  -3.3628940317274969e-05   3.0385797576082922e-04   3.6886459427295192e-04   0.0000000000000000e+00   0.0000000000000000e+00
  -4.3628222324497513e-05   9.3546279739560470e-05  -7.6742155297242830e-05   2.6043426267147353e-04  -4.9335865400935526e-06   1.2380654935985862e-04  -8.8931921180996098e-07  -3.3628814115496551e-05   3.0385797032776946e-04   3.6886451453385546e-04   0.0000000000000000e+00   0.0000000000000000e+00
  -4.3628317064376154e-05   9.3546767750743963e-05  -7.6742376138480366e-05   2.6043446508389721e-04  -4.9336865848953616e-06   1.2380673352312989e-04  -8.8932431411625528e-07   3.0385796520976394e-04   3.6886443498552655e-04   0.0000000000000000e+00   0.0000000000000000e+00   0.0000000000000000e+00
  -4.3628409238160832e-05   9.3547255659766053e-05  -7.6742598337330574e-05   2.6043466737209599e-04  -4.9337885619571536e-06   1.2380691684878495e-04  -8.8932951213250794e-07   3.0385795999159722e-04   3.6886435550301266e-04   0.0000000000000000e+00   0.0000000000000000e+00   0.0000000000000000e+00
  -4.3628498704555485e-05   9.3547743477756997e-05  -7.6742821816652631e-05   2.6043486959773012e-04  -4.9338922236538262e-06   1.2380709915029778e-04  -8.8933495366061249e-07   3.0385795425061840e-04   3.6886427595336465e-04   0.0000000000000000e+00   0.0000000000000000e+00   0.0000000000000000e+00
  -4.3628585353938318e-05   9.3548231208359769e-05  -7.6743046479645470e-05   2.6043507182179466e-04  -4.9339972942065120e-06   1.2380728025465117e-04  -8.8934078905786447e-07   3.0385794756514428e-04   3.6886419619934361e-04   0.0000000000000000e+00   0.0000000000000000e+00   0.0000000000000000e+00
  -4.3628669100249839e-05   9.3548718849275806e-05  -7.6743272211830056e-05   2.6043527410277948e-04  -4.9341034748536131e-06   1.2380746000475800e-04  -8.8934716948395821e-07   5.6018726661040430e-06   3.0385793952292445e-04   3.6886411610326659e-04   0.0000000000000000e+00   0.0000000000000000e+00
  -4.3628749872693897e-05   9.3549206393959996e-05  -7.6743498883294451e-05   2.6043547649487139e-04  -4.9342104493339599e-06   1.2380763826167794e-04  -8.8935424508084437e-07   5.6018178946897883e-06   3.0385792972952274e-04   3.6886403553091095e-04   0.0000000000000000e+00   0.0000000000000000e+00
  -4.3628827607498845e-05   9.3549693833414112e-05   2.6043567904623769e-04  -4.9343178895979031e-06   1.2380781490659698e-04  -8.8936216310790890e-07   5.6017658795361057e-06   3.0385791781646962e-04   3.6886395435539531e-04   0.0000000000000000e+00   0.0000000000000000e+00   0.0000000000000000e+00
  -4.3628902239982754e-05   9.3550181158026091e-05   2.6043588179742766e-04  -4.9344254616597019e-06   1.2380798984254270e-04  -8.8937106605576958e-07   5.6017182228984719e-06   3.0385790344904381e-04   3.6886387246095378e-04   0.0000000000000000e+00   0.0000000000000000e+00   0.0000000000000000e+00
  -4.3628973697160948e-05   9.3550668359401620e-05   2.6043608477992479e-04  -4.9345328315034198e-06   1.2380816299580863e-04  -8.8938108976260909e-07   5.6016764317938154e-06   3.0385788633353878e-04   3.6886378974653058e-04   0.0000000000000000e+00   0.0000000000000000e+00   0.0000000000000000e+00
  -4.3629041891123551e-05   9.3551155432135329e-05   2.6043628801488452e-04  -4.9346396709541770e-06   1.2380833431706445e-04  -8.8939236155735206e-07   5.6016418936158134e-06   3.0385786622389035e-04   3.6886370612910748e-04   0.0000000000000000e+00   0.0000000000000000e+00   0.0000000000000000e+00
  -4.3629106713397015e-05   9.3551642375470687e-05   2.6043649151208446e-04  -4.9347456634272753e-06   1.2380850378213224e-04  -8.8940499845408328e-07   5.6016158537522962e-06   3.0385784292752893e-04   0.0000000000000000e+00   0.0000000000000000e+00   0.0000000000000000e+00   0.0000000000000000e+00
  -4.3629173483664891e-05   9.3552128253571800e-05   2.6043669589336410e-04  -4.9348500051222588e-06   1.2380867093729432e-04  -8.8941912972899165e-07   5.6016033457326882e-06   3.0385781440804262e-04   0.0000000000000000e+00   0.0000000000000000e+00   0.0000000000000000e+00   0.0000000000000000e+00
  -4.3629246498666427e-05   9.3552612309747977e-05  -2.6447211391563693e-04   2.6043690165395941e-04  -4.9349520066280664e-06   1.2380883543750446e-04  -8.8943486654841832e-07   5.6016085030309598e-06   3.0385777903849738e-04   0.0000000000000000e+00   0.0000000000000000e+00   0.0000000000000000e+00
  -4.3629314843522942e-05   9.3553096416202947e-05  -2.6447176312771343e-04   2.6043710753820715e-04  -4.9350524099204318e-06   1.2380899823013003e-04  -8.8945223722337696e-07   5.6016242677564232e-06   3.0385774055340298e-04   0.0000000000000000e+00   0.0000000000000000e+00   0.0000000000000000e+00
  -4.3629377723704811e-05   9.3553580702458616e-05  -2.6447141529587306e-04   2.6043731343942472e-04  -4.9351510499259963e-06   1.2380915944008153e-04  -8.8947129876114823e-07   5.6016507294001311e-06   1.5397050169860829e-04   0.0000000000000000e+00   0.0000000000000000e+00   0.0000000000000000e+00
  -4.3629434361672747e-05   9.3554065299940645e-05  -2.6447106981208603e-04   2.6043751924350770e-04  -4.9352477930313782e-06   1.2380931921212790e-04  -8.8949209062596446e-07   5.6016877970020682e-06   1.5397063297051532e-04  -5.9231637573789590e-05   0.0000000000000000e+00   0.0000000000000000e+00
  -4.3629484018002976e-05   9.3554550339021770e-05  -2.6447072602245753e-04   2.6043772483162568e-04  -4.9353425387973637e-06  -8.8951463380667622e-07   5.6017352075779700e-06   1.5397076227118150e-04  -5.9231973466925202e-05   0.0000000000000000e+00   0.0000000000000000e+00   0.0000000000000000e+00
  -4.3629526012738682e-05   9.3555035945967551e-05  -2.6447038324071818e-04   2.6043793008306138e-04  -4.9354352211848556e-06  -8.8953893008161797e-07   5.6017925370724042e-06   1.5397088969731237e-04  -5.9232307637117018e-05   0.0000000000000000e+00   0.0000000000000000e+00   0.0000000000000000e+00
  -4.3629559746528586e-05   9.3555522239843528e-05  -2.6447004076231398e-04   2.6043813487813621e-04  -4.9355258092836742e-06  -8.8956496149514251e-07   5.6018592135990978e-06   1.5397101537319467e-04  -5.9232640081093513e-05   0.0000000000000000e+00   0.0000000000000000e+00   0.0000000000000000e+00
  -4.3629584721110552e-05   9.3556009329445985e-05  -2.6446969787884871e-04   2.6043833910117443e-04  -4.9356143075406774e-06  -8.8959269005838850e-07   5.6019345327046188e-06   1.5397113944806576e-04  -5.9232970825981568e-05   0.0000000000000000e+00   0.0000000000000000e+00   0.0000000000000000e+00
  -4.3629600558700845e-05   9.3556497310316961e-05  -2.6446935389262672e-04   2.6043854264344248e-04  -4.9357007554888806e-06   1.5673674178785067e-04  -8.8962205768477224e-07   5.6020176743704010e-06   1.5397126209311900e-04  -1.0943169942604730e-04  -5.9233299928236381e-05  -1.4837096117144319e-05
  -4.3629607019858287e-05   9.3556986261905569e-05  -2.6446900813104134e-04   2.6043874540601777e-04  -4.9357852269845113e-06   1.5673697292185683e-04  -8.8965298636845251e-07   5.6021077214507542e-06   1.5397138349819935e-04  -1.0943145749503540e-04  -5.9233627472147700e-05  -1.4837062411792968e-05
  -4.3629604019408199e-05   9.3557476244935292e-05  -2.6446865996055681e-04   2.6043894730252444e-04  -4.9358678289639644e-06   1.5673720563039780e-04  -8.8968537861165608e-07   5.6022036792307951e-06   1.5397150386824092e-04  -1.0943121672736819e-04  -5.9233953567948609e-05  -1.4837027658637644e-05
  -4.3629591640031683e-05   9.3557967299036292e-05  -2.6446830880003753e-04   2.6043914826168993e-04  -4.9359486997376270e-06   1.5673743898902466e-04  -8.8971911810419588e-07   5.6023044957784745e-06   1.5397162341950900e-04  -1.0943097695985460e-04  -5.9234278349556385e-05  -1.4836991334531554e-05
  -4.3629570143153966e-05   9.3558459440696914e-05  -2.6446795413318170e-04   2.6043934822966619e-04  -4.9360280068423446e-06   1.5673767209604033e-04   5.6024090827591190e-06   1.5397174237570324e-04  -1.0943073801832552e-04  -5.9234601971978682e-05  -1.4836952956461289e-05   0.0000000000000000e+00
  -4.3629539976797452e-05   9.3558952661587069e-05  -2.6446759551983240e-04   2.6043954717206965e-04  -4.9361059444788968e-06   1.5673790409303305e-04   9.6747227140373134e-06   5.6025163363789931e-06   1.5397186096398547e-04  -1.0943049972158153e-04  -5.9234924608422821e-05  -1.4836912091581846e-05
   9.3559447947765676e-05  -2.6446722945532892e-04   2.6043974436121547e-04  -4.9361823712199346e-06   1.5673813014213051e-04   9.6749377069799024e-06   5.6026228620096804e-06   1.5397197967037291e-04  -1.0943026110569985e-04  -5.9235246232141045e-05  -1.4836865921280585e-05   0.0000000000000000e+00
   9.3559946072254747e-05  -2.6446685310433732e-04   2.6043993922228730e-04   1.5673834622345929e-04   9.6751512186679414e-06   5.6027257093977334e-06   1.5397209892910357e-04  -1.0943002134979554e-04  -5.9235566867300304e-05  -1.4836812140275305e-05   0.0000000000000000e+00   0.0000000000000000e+00
