   8.4978050589357281e+02
   8.1659093003793930e+02
   7.7640041643598920e+02
   7.2960250678169268e+02
   6.7663767175269220e+02
   6.1799015079365006e+02
   5.5418451148395582e+02
   4.8578197660368005e+02
   4.1337651789192410e+02
   3.3759062010912106e+02
   2.5907084720298553e+02
   1.7848326966452319e+02
   9.6508698696772186e+01
   1.3837780913325753e+01
  -6.8833929139684500e+01
  -1.5081091309270320e+02
  -2.3140272711414093e+02
  -3.0992894819564992e+02
  -3.8572408062047884e+02
  -4.5814238133279741e+02
  -5.2656244072086179e+02
  -5.9039144729680982e+02
  -6.4906962557785448e+02
  -7.0207433149922667e+02
  -7.4892369484029939e+02
  -7.8918002761762671e+02
  -8.2245304242613020e+02
  -8.4840267927783964e+02
  -8.6674159313277551e+02
  -8.7723729874808862e+02
  -8.7971387732780443e+02
  -8.7405334857461935e+02
  -8.6019662861088625e+02
  -8.3814428962231068e+02
  -8.0795695692120125e+02
  -7.6975524667102525e+02
  -7.2371923528256377e+02
  -6.7008755039413336e+02
  -6.0915608172759437e+02
  -5.4127637423867350e+02
  -4.6685363451468453e+02
  -3.8634431227754158e+02
  -3.0025349260698783e+02
  -2.0913195209378057e+02
  -1.1357287647976385e+02
  -1.4208179855241070e+01
   8.8295400604236491e+01
   1.9324041883688648e+02
   2.9990337759591267e+02
   4.0753898720043441e+02
   5.1538513103066020e+02
   6.2266755275958906e+02
   7.2860545561080767e+02
   8.3241669706471600e+02
   9.3332274665271655e+02
   1.0305540983209110e+03
   1.1233554451790642e+03
   1.2109908772875071e+03
   1.2927491642110413e+03
   1.3679485273429602e+03
   1.4359414654020277e+03
   1.4961193512089048e+03
   1.5479167969502728e+03
   1.5908157743039715e+03
   1.6243494194599850e+03
   1.6481054821583316e+03
   1.6617295165263833e+03
   1.6649277514264354e+03
   1.6574695069345119e+03
   1.6391891822673938e+03
   1.6099879126071489e+03
   1.5698349322466090e+03
   1.5187684805864162e+03
   1.4568961526511032e+03
   1.3843949404791226e+03
   1.3015108645345131e+03
   1.2085582986019933e+03
   1.1059189433865449e+03
   9.9404013034898571e+02
   8.7343298840016257e+02
   7.4467025785895351e+02
   6.0838348672063091e+02
   4.6526013722444890e+02
   3.1604020544431188e+02
   1.6151268742643035e+02
   2.5115236850646476e+00
  -1.6008884312849673e+02
  -3.2537809861851753e+02
  -4.9241487361936424e+02
  -6.6023187379083197e+02
  -8.2784125809296438e+02
  -9.9424027812841757e+02
  -1.1584171233658230e+03
  -1.3193569176994729e+03
  -1.4760478110476672e+03
  -1.6274871755370211e+03
  -1.7726878428368523e+03
  -1.9106843343988705e+03
  -2.0405391247280015e+03
  -2.1613487382515868e+03
  -2.2722497567813898e+03
  -2.3724246834514279e+03
  -2.4611075772678087e+03
  -2.5375893959652635e+03
  -2.6012230247544248e+03
  -2.6514279862221024e+03
  -2.6876947515524971e+03
  -2.7095886478610100e+03
  -2.7167533261542112e+03
  -2.7089137343694269e+03
  -2.6858785627886282e+03
  -2.6475422021359882e+03
  -2.5938862149026359e+03
  -2.5249803535233987e+03
  -2.4409831533928300e+03
  -2.3421417986712950e+03
  -2.2287913890958298e+03
  -2.1013539049394053e+03
  -1.9603365078791992e+03
  -1.8063293919012926e+03
  -1.6400032809886716e+03
  -1.4621062246850322e+03
  -1.2734601936196461e+03
  -1.0749573479495916e+03
  -8.6755583365972836e+02
  -6.5227511809816872e+02
  -4.3019102846638799e+02
  -2.0243033537855226e+02
   2.9834891517488700e+01
   2.6539343437915312e+02
   5.0300116124206812e+02
   7.4138744298006213e+02
   9.7926194184986571e+02
   1.2153214963498108e+03
   1.4482571426172826e+03
   1.6767612885976080e+03
   1.8995351561742432e+03
   2.1152962342231699e+03
   2.3227854919611514e+03
   2.5207746384819170e+03
   2.7080732732633896e+03
   2.8835364474702287e+03
   3.0460715361920315e+03
   3.1946450128988090e+03
   3.3282887039776642e+03
   3.4461058315942282e+03
   3.5472767383581759e+03
   3.6310645014804500e+03
   3.6968197824115919e+03
   3.7439850417945959e+03
   3.7720985342166809e+03
   3.7807977764113730e+03
   3.7698222868486246e+03
   3.7390157802842355e+03
   3.6883277739518521e+03
   3.6178146223904741e+03
   3.5276397717839982e+03
   3.4180736659394474e+03
   3.2894931433107677e+03
   3.1423800326138976e+03
   2.9773191527983331e+03
   2.7949958885338265e+03
   2.5961932997381696e+03
   2.3817885541496444e+03
   2.1527488831524993e+03
   1.9101272555586240e+03
   1.6550575858547263e+03
   1.3887496847282375e+03
   1.1124835624010361e+03
   8.2760312242282475e+02
   5.3550983342692439e+02
   2.3765613129765234e+02
  -6.4461605490187807e+01
  -3.6931012023160883e+02
  -6.7532699798232045e+02
  -9.8092849497881377e+02
  -1.2845175692518944e+03
  -1.5844918843803364e+03
  -1.8792521106545396e+03
  -2.1672102857200507e+03
  -2.4467983653522410e+03
  -2.7164769579224044e+03
  -2.9747438398463919e+03
  -3.2201423999554386e+03
  -3.4512699319662729e+03
  -3.6667858516670549e+03
  -3.8654197579412926e+03
  -4.0459790651235344e+03
  -4.2073564130228060e+03
  -4.3485366171534642e+03
  -4.4686031797037540e+03
  -4.5667443180084911e+03
  -4.6422583686744847e+03
  -4.6945586723589977e+03
  -4.7231778247932234e+03
  -4.7277711390748282e+03
  -4.7081193701316752e+03
  -4.6641307804305407e+03
  -4.5958424769992853e+03
  -4.5034209165686498e+03
