  -4.2225509452012275e+03  -7.7199110736089242e+03   1.0616417241863883e+03   5.1360027126842215e+03   1.7879086748527403e+04   1.3993189494032846e+04  -1.4749040081998233e+04  -1.7311808750233598e+04   8.6253880500926280e+03   0.0000000000000000e+00   0.0000000000000000e+00   0.0000000000000000e+00
  -4.2068761355361930e+03   1.1015235684637901e+03   5.2946371338160397e+03   1.7781141032268315e+04   1.4138918996486605e+04  -1.4764709045303867e+04  -1.7213549350833568e+04   8.6717024900301421e+03   0.0000000000000000e+00   0.0000000000000000e+00   0.0000000000000000e+00   0.0000000000000000e+00
  -4.1907873574003161e+03   1.1420494169680444e+03   5.4532499213946148e+03   1.7683167202366632e+04   1.4284268860121318e+04  -1.4780409242633465e+04  -1.7115345331687615e+04   8.7173434271400401e+03   0.0000000000000000e+00   0.0000000000000000e+00   0.0000000000000000e+00   0.0000000000000000e+00
  -4.1742737226252930e+03   1.1832259320085020e+03   5.6118273583723967e+03   1.7585178135852650e+04   1.4429224403686796e+04  -1.4796129790362134e+04  -1.7017207947340317e+04   8.7623170580102505e+03   0.0000000000000000e+00   0.0000000000000000e+00   0.0000000000000000e+00   0.0000000000000000e+00
  -4.1573244123326731e+03   1.2250596448325941e+03   5.7703557160455512e+03   1.7487186656031510e+04   1.4573770974068488e+04  -1.4811859754341116e+04  -1.6919148386099492e+04   8.8066296817738967e+03   0.0000000000000000e+00   0.0000000000000000e+00   0.0000000000000000e+00   0.0000000000000000e+00
  -4.1399286789289617e+03   1.2675569542665808e+03   5.9288212560693773e+03   1.7389205530292456e+04   1.4717893948698651e+04  -1.4827588152190916e+04  -1.6821177768327121e+04   8.8502876987493673e+03   0.0000000000000000e+00   0.0000000000000000e+00   0.0000000000000000e+00   0.0000000000000000e+00
  -4.1220758484069302e+03   1.3107241253108164e+03   6.0872102326307659e+03   1.7291247467940328e+04   1.4861578738066120e+04  -1.4843303954910487e+04  -1.6723307144525344e+04   8.8932976091287765e+03   0.0000000000000000e+00   0.0000000000000000e+00   0.0000000000000000e+00   0.0000000000000000e+00
  -4.1037553223472214e+03   4.7271031411929960e+02   1.3545672878225423e+03   6.2455088944836980e+03   1.7193325118026314e+04   1.5004810788128891e+04  -1.4858996089114982e+04  -1.6625547493628030e+04   8.9356660115873328e+03   0.0000000000000000e+00   0.0000000000000000e+00   0.0000000000000000e+00
  -4.0849565799879738e+03   5.6991483781072486e+02   1.3990924352057473e+03   6.4037034870259722e+03   1.7095451067192418e+04   1.5147575582747668e+04  -1.4874653439103571e+04  -1.6527909721248907e+04   8.9773996018915313e+03   0.0000000000000000e+00   0.0000000000000000e+00   0.0000000000000000e+00
  -4.0656691802803030e+03   6.6622836781415197e+02   1.4443054231262256e+03   1.0416373196724864e+04   6.5617802543771622e+03   1.5289858646113600e+04  -1.4890264848934492e+04  -1.6430404657941835e+04   9.0185051714890396e+03   0.0000000000000000e+00   0.0000000000000000e+00   0.0000000000000000e+00
  -4.0458827639292954e+03   7.6164783104570301e+02   1.4902119682520911e+03   1.0463942358453207e+04   6.7197254414573981e+03   1.5431645545169649e+04  -1.4905819124506905e+04  -1.6333043057473737e+04  -1.9119996979039635e+04   9.0589896060806695e+03   0.0000000000000000e+00   0.0000000000000000e+00
  -4.0255870554201779e+03   8.5617032421865440e+02   1.5368176470199312e+03   1.0512156602392708e+04   6.8775252960667331e+03   1.5572921892025177e+04  -1.4921305035649042e+04  -1.9023230588644892e+04   9.0988598841745516e+03   0.0000000000000000e+00   0.0000000000000000e+00   0.0000000000000000e+00
  -4.0047718650293086e+03   9.4979311411064316e+02   1.5841278944268327e+03   1.0561016783398953e+04   7.0351660709647285e+03  -9.5173946514727013e+03   1.5713673346363264e+04  -1.4936711318212594e+04  -1.8925339152963395e+04   9.1381230756228651e+03   0.0000000000000000e+00   0.0000000000000000e+00
  -3.9834270908196331e+03   1.0425136378008706e+03   1.6321480028484818e+03   1.0610523596938216e+04   7.1926340259498184e+03  -9.3994284675565668e+03   1.5853885617840180e+04  -1.4952026676172734e+04  -1.8826329389930437e+04   9.1767863401412233e+03   0.0000000000000000e+00   0.0000000000000000e+00
  -3.9615427206203012e+03   1.1343295028772536e+03   1.6808831208835320e+03   1.0660677578845103e+04   7.3499154299383281e+03  -9.2819795264045588e+03  -1.4967239783733456e+04  -1.8726208163247218e+04   9.2148569258111856e+03   0.0000000000000000e+00   0.0000000000000000e+00   0.0000000000000000e+00
  -3.9391088339900798e+03   1.2252384876134834e+03   1.7303382522244488e+03   1.0711479105109162e+04   7.5069965630425531e+03  -9.1650577538168618e+03  -1.4982339287438032e+04  -1.8624982481386873e+04   9.2523421675659647e+03   0.0000000000000000e+00   0.0000000000000000e+00   0.0000000000000000e+00
  -3.9161156041642121e+03   1.3152385411159580e+03   1.7805182545550126e+03   1.0762928391690288e+04  -9.0486729465466906e+03  -1.4997313808283996e+04  -1.8522659496579203e+04   9.2892494856596368e+03   0.0000000000000000e+00   0.0000000000000000e+00   0.0000000000000000e+00   0.0000000000000000e+00
  -3.8925532999844613e+03   1.4043277834405442e+03   1.8314278384746606e+03   1.0815025494363066e+04  -8.9328347707269531e+03  -1.5012151943842491e+04  -1.8419246503774149e+04   9.3255863841203027e+03   0.0000000000000000e+00   0.0000000000000000e+00   0.0000000000000000e+00   0.0000000000000000e+00
  -3.8684122877883788e+03   1.4925045056819267e+03   1.8830715664511267e+03   1.0867770308622143e+04  -8.8175527603303126e+03   1.5941228902402238e+04  -1.5026842270428051e+04  -1.8314750939589285e+04   9.3613604491817950e+03   0.0000000000000000e+00   0.0000000000000000e+00   0.0000000000000000e+00
  -3.8436830333324665e+03   1.5797671700266856e+03   1.9354538517975304e+03   1.0921162569546370e+04  -8.7028363156266532e+03   1.6016908061510256e+04  -1.5041373345170399e+04  -1.8209180381225597e+04   9.3965793477115149e+03   0.0000000000000000e+00   0.0000000000000000e+00   0.0000000000000000e+00
  -3.8183561037309159e+03   1.6661144097722190e+03   1.9885789576750817e+03   1.0975201851646068e+04  -8.5886947016472568e+03   1.6092893047817464e+04  -1.5055733708023283e+04  -1.8102542545355696e+04   9.4312508256301662e+03   0.0000000000000000e+00   0.0000000000000000e+00   0.0000000000000000e+00
  -3.7924221692055826e+03   1.7515450293355134e+03   2.0424509961323834e+03   1.1029887568972428e+04  -8.4751370467538127e+03   1.6169175385649482e+04  -1.5069911884113675e+04  -1.7994845287027405e+04   9.4653827062782857e+03   0.0000000000000000e+00   0.0000000000000000e+00   0.0000000000000000e+00
  -3.7658720049704802e+03   1.8360580042136619e+03   2.0970739271642910e+03   1.1085218975046622e+04  -8.3621723411571165e+03   1.6245746488955063e+04  -1.5083896385790844e+04  -1.7886096598514803e+04   9.4989828888021748e+03   0.0000000000000000e+00   0.0000000000000000e+00   0.0000000000000000e+00
  -3.7386964930538215e+03   1.9196524809192545e+03   1.1141195162877597e+04   1.7599419753985461e+04  -8.2498094354801833e+03   1.6322597662805791e+04  -1.5097675714764006e+04  -1.7776304608158596e+04   9.5320593465155525e+03   0.0000000000000000e+00   0.0000000000000000e+00   0.0000000000000000e+00
  -3.7108866241009850e+03   2.0023277768855703e+03   1.1197815065008537e+04   1.7658710459710466e+04  -8.1380570393452172e+03   1.6399720104915486e+04  -1.5111238364241695e+04  -1.7665477579186245e+04   9.5646201252469855e+03   0.0000000000000000e+00   0.0000000000000000e+00   0.0000000000000000e+00
  -3.6824334991580831e+03   2.0840833803415080e+03  -1.0954847146009399e+04   1.1255077453592245e+04   1.7718215228123525e+04  -8.0269237199845074e+03   1.6477104907179397e+04  -1.5124572821072583e+04  -1.7553623908512676e+04   9.5966733416733587e+03   0.0000000000000000e+00   0.0000000000000000e+00
   2.1649189501563137e+03  -1.1026156599067179e+04   1.1312980940495168e+04   1.7777924916627842e+04  -7.9164179008758147e+03   1.6554743057232587e+04  -1.5137667567887258e+04   1.1307239203677113e+04  -1.7440752125521271e+04   9.6282271816397497e+03  -2.5244027170544985e+04   0.0000000000000000e+00
   2.2448343156541187e+03  -1.1098091972165876e+04   1.1371523977430130e+04   1.7837830286665299e+04  -7.8065478604022028e+03   1.6632625440027346e+04   1.1204153644044818e+04  -1.7326870890825590e+04   9.6592898984659187e+03  -2.5301325182358243e+04   0.0000000000000000e+00   0.0000000000000000e+00
   2.3238294763983158e+03  -1.1170649576222468e+04   1.1430704856117789e+04   1.7897922005253360e+04  -7.6973217305368535e+03   1.6710742839429266e+04   1.1101547005660423e+04  -1.7211988995011990e+04  -2.5357366882864721e+04   0.0000000000000000e+00   0.0000000000000000e+00   0.0000000000000000e+00
   7.5710207546234742e+03   2.4019046019457928e+03  -1.1243825566582349e+04   1.1490521708476575e+04   1.7958190646538747e+04  -7.5887474955529942e+03   1.6789085939831592e+04  -6.9733114388601953e+03   1.0999427682036241e+04  -1.7096115357363156e+04  -2.5412146276904488e+04   0.0000000000000000e+00
   7.4202626704332470e+03   2.4790600315710853e+03  -1.1317615943536761e+04   1.1550972506841254e+04   1.8018626693367420e+04  -7.4808329907592197e+03   1.6867645327787577e+04  -7.0350838997832270e+03   1.0897803936830065e+04  -1.6979259024563115e+04  -2.5465657527037645e+04   0.0000000000000000e+00
   7.2689983343001277e+03   2.5552962739604686e+03  -1.1392016552867743e+04   1.1612055064209877e+04   1.8079220538870657e+04  -7.3735859012605260e+03   1.6946411493660551e+04  -7.0976383724927573e+03   1.0796683902649464e+04  -1.6861429169383428e+04  -2.5517894954468884e+04   0.0000000000000000e+00
   7.1172399558130865e+03   2.6306140068760551e+03  -1.1467023086420557e+04   1.1673767034519191e+04   1.8139962488067154e+04  -7.2670137607452289e+03   1.7025374833291218e+04  -7.1609750309116534e+03   1.0696075579879585e+04  -1.6742635089351366e+04   1.8329365045552038e+03  -2.5568853039945971e+04
   6.9649998149671737e+03   2.7050140767920830e+03  -1.1542631082702423e+04   1.1736105912932149e+04   1.8200842759477782e+04  -7.1611239502916087e+03   1.7104525649675641e+04  -7.2250938670558353e+03   1.0595986835538213e+04  -1.6622886205396437e+04   1.7452857982022049e+03  -2.5618526424623702e+04
   6.8122902604000419e+03   2.7784974984966443e+03  -1.1618835927510665e+04   1.1799069036189012e+04   1.8261851486761931e+04  -7.0559236972151411e+03   1.7183854154673751e+04  -7.2899946908094580e+03   1.0496425402146651e+04  -1.6502192060486173e+04   1.6583978914862939e+03  -2.5666909910919585e+04
   6.6591237076151556e+03   2.8510654546605861e+03  -1.1695632854589196e+04   1.1862653583009775e+04   1.8322978720373252e+04  -6.9514200739516036e+03   1.7263350470742949e+04  -7.3556771297412852e+03   1.0397398876619498e+04  -1.6380562318248680e+04   1.5722743092094304e+03  -2.5713998463355176e+04
   6.5055126372033374e+03   2.9227192953921012e+03  -1.1773016946305170e+04   1.1926856574406927e+04   1.8384214429209111e+04  -6.8476199969200861e+03   1.7343004632641958e+04  -7.4221406289348115e+03   1.0298914719204779e+04  -1.6258006761554483e+04   1.4869164243546602e+03  -2.5759787209310063e+04
   6.3514695930448452e+03   2.9934605377478106e+03  -1.1850983134358632e+04   1.1991674874131710e+04   1.8445548502293543e+04  -6.7445302254552789e+03   1.7422806589191292e+04  -7.4893844508756601e+03   1.0200980252424833e+04  -1.6134535291101949e+04   1.4023254580019586e+03  -2.5804271439803542e+04
   6.1970071805031694e+03   3.0632908652181677e+03  -1.1929526200517204e+04   1.2057105189118129e+04   1.8506970750469078e+04  -6.6421573607551818e+03   1.7502746205037307e+04  -7.5574076753699674e+03   1.0103602660048318e+04  -1.6010157923979565e+04   1.3185024792448182e+03  -2.5847446610233786e+04
   6.0421380646084590e+03  -1.2008640777377290e+04   1.2123144069954789e+04   1.8568470908102590e+04  -6.5405078448563318e+03   1.7582813262430976e+04  -7.6262091994994689e+03   1.0006788986086880e+04  -1.5884884792211460e+04   1.2354484051333391e+03  -2.5889308341090145e+04   0.0000000000000000e+00
   5.8868749682307807e+03  -1.2088321349151804e+04   1.2189787911384365e+04   1.8630038634804911e+04  -6.4395879596369450e+03   1.7662997463021391e+04  -7.6957877376134329e+03   9.9105461338164641e+03  -1.5758726141286301e+04   1.1531640006438963e+03  -2.5929852418638187e+04   0.0000000000000000e+00
   5.7312306702434989e+03   1.7830630323417980e+04  -1.2168562252484195e+04   1.2257032952830652e+04   1.8691663517163972e+04  -6.3394038258480523e+03   1.7743288429663287e+04  -7.7661418213574170e+03   9.8148808648235699e+03  -1.5631692328669678e+04   1.0716498786754580e+03  -2.5969074795577715e+04
   5.5752180036770606e+03   1.7713886188068303e+04  -1.2249357677288679e+04   1.2324875278953097e+04   1.8753335070491139e+04  -6.2399614021729831e+03   1.7823675708238417e+04  -7.8372697997387440e+03   9.7197997980764831e+03  -1.5503793822300415e+04   9.9090650007259512e+02  -2.6006971591673337e+04
   5.4188498538634149e+03   1.7596204812304950e+04  -1.2330701667616429e+04   1.2393310820228669e+04   1.8815042740580411e+04  -6.1412664843152097e+03   1.7904148769490439e+04  -7.9091698392288690e+03   9.6253094090216455e+03  -1.5375041199070778e+04   9.1093417367525979e+02   0.0000000000000000e+00
   5.2621391565714066e+03   1.7477595702790448e+04  -1.2412588122547695e+04   1.2462335353560880e+04   1.8876775905480408e+04  -6.0433247041150098e+03   1.7984697010872784e+04  -7.9818399239024056e+03   9.5314160287053564e+03   8.3173305639540615e+02  -1.7154153456742672e+04   0.0000000000000000e+00
   5.1050988961333169e+03   1.7358068483902509e+04  -1.2495010797109642e+04   1.2531944502916012e+04   1.8938523877278581e+04   1.8065309758409294e+04  -8.0552778556129369e+03   9.4381258429207573e+03   7.5330315332039902e+02  -1.7132773431170182e+04   0.0000000000000000e+00   0.0000000000000000e+00
   4.9477421035629541e+03   1.7237632896297615e+04  -1.2577963303219660e+04   1.2602133739986170e+04   1.9000275903897564e+04   1.8145976268567254e+04  -8.1294812542054924e+03   9.3454448913804154e+03  -1.5472397755287169e+04   6.7564431784342742e+02  -1.7111004055959147e+04   0.0000000000000000e+00
   4.7900818546654609e+03   1.7116298795456292e+04  -1.2661439110654148e+04   1.2672898384879272e+04   1.9062021170903365e+04   1.5333514671503421e+04   1.8226685730142268e+04  -8.2044475577656158e+03   9.2533790669145492e+03  -1.5464116964619556e+04   5.9875625182079784e+02  -1.7088857777096815e+04
   4.6321312681403269e+03   1.6994076150205441e+04  -1.2745431548043885e+04   1.9123748803324972e+04   1.5347110482163451e+04   1.8307427266156741e+04  -8.2801740229139486e+03   9.1619341146899442e+03  -1.5455304506313490e+04   5.2263850575912682e+02  -1.7066347047403680e+04   0.0000000000000000e+00
   4.4739035036742234e+03   1.6870975041233243e+04  -1.2829933803891283e+04   1.9185447867485269e+04   1.5360277724959271e+04   1.8388189935765506e+04  -8.3566577251178878e+03   9.0711156314656400e+03  -1.5445971741558584e+04   4.4729047902322378e+02  -1.7043484324275472e+04   0.0000000000000000e+00
   4.3154117600247309e+03   1.6747005659593331e+04  -1.2914938927610350e+04   2.9423649912225260e+03   1.9247107372842769e+04   1.5373004444083010e+04   1.8468962736169844e+04  -8.4338955590271671e+03   8.9809290648817005e+03  -1.5436130087068790e+04   3.7271142006688473e+02  -1.7020282067425182e+04
   4.1566692731054372e+03   1.6622178305156689e+04  -1.3000439830602043e+04   2.8857530832901361e+03   1.9308716273844038e+04   1.5385278719297668e+04   1.8549734604555040e+04  -8.5118842389099264e+03   8.8913797127377456e+03  -1.5425791012966207e+04   2.9890042671175678e+02  -1.6996752736650487e+04
   3.9976893140565880e+03   1.6496503385077613e+04  -1.3086429287344461e+04   2.8283095287304768e+03   1.9370263471786489e+04   1.5397088668171564e+04   1.8630494420026302e+04  -8.5906202990675101e+03   8.8024727223302380e+03  -1.5414966040594225e+04   2.2585644643443285e+02  -1.6972908789587931e+04
   3.8384851873114185e+03   1.6369991412233961e+04  -1.3172899936510103e+04   2.7700302494218249e+03   1.9431737816691148e+04   1.5408422448292933e+04   1.8711231005557871e+04  -8.6701000943017843e+03   8.7142130898065661e+03  -1.5403666740335899e+04   1.5357827668600726e+02  -1.6948762679477553e+04
   3.6790702286561818e+03   1.6242653003650643e+04  -1.3259844282107188e+04   2.7109113177574654e+03   1.9493128109185116e+04   1.5419268259477536e+04   1.8791933129951358e+04  -8.7503198004185324e+03   8.6266056595455775e+03  -1.5391904729421232e+04   8.2064565238719752e+01  -1.6924326852933609e+04
   3.5194578032842201e+03   1.6114498878906841e+04  -1.3347254694644853e+04   2.6509489576156730e+03   1.9554423102393641e+04   1.5429614345968936e+04   1.8872589509803231e+04  -8.8312754147667420e+03   8.5396551235644838e+03  -1.5379691669723541e+04   1.1313810559681283e+01  -1.6899613747721087e+04
   3.3596613038443825e+03   1.5985539858527067e+04  -1.3435123412322004e+04   2.5901395453035457e+03   1.9615611503841068e+04   1.5439448998630900e+04   1.8953188811480744e+04  -8.9129627568136657e+03   8.4533660209521895e+03  -1.5367039265545562e+04  -5.8675637788317459e+01  -1.6874635790538832e+04
   3.1996941484840227e+03   1.5855786862356401e+04   2.5284796104744564e+03   1.9676681977360880e+04   1.5448760557131824e+04  -8.9953774687555215e+03   8.3677427373293031e+03  -1.5353959261395446e+04  -1.2790557871892563e+02  -1.6849405394809542e+04   0.0000000000000000e+00   0.0000000000000000e+00
   3.0395697788869329e+03   1.5725250907920037e+04  -4.3238873771174158e+03   2.4659658370189941e+03   1.9737623145014077e+04   1.5457537412120500e+04   1.2516802671050786e+04  -9.0785150161636575e+03   8.2827895043346671e+03  -1.5340463439753199e+04  -1.9637795916730141e+02  -1.6823934958476693e+04
   2.8793016583064564e+03   1.5593943108767689e+04  -4.4818850298148582e+03   2.4025950639292000e+03   1.9798423589015805e+04   1.5465768007393215e+04   1.2435987763860396e+04  -9.1623706886661330e+03   8.1985103991386495e+03  -1.5326563618827888e+04  -2.6409487360813921e+02  -1.6798236861808975e+04
   2.7189032695941155e+03   1.5461874672802729e+04  -4.6395565509922835e+03   2.3383642861359472e+03   1.9859071853670048e+04   1.5473440842051370e+04   1.2355741297251137e+04   8.1149093439831468e+03  -1.5312271650305978e+04  -3.3105856354669322e+02  -1.6772323465212612e+04   0.0000000000000000e+00
   1.5329056900596768e+04  -4.7968886518505833e+03   2.2732706553192697e+03   1.9919556447311657e+04   1.5480544472649774e+04   1.2276069884029801e+04   8.0319901057484267e+03  -1.5297599417091342e+04  -3.9727141698281713e+02  -1.6746207107051672e+04   0.0000000000000000e+00   0.0000000000000000e+00
   1.5195501183689497e+04  -4.9538680906452091e+03   2.2073114806915319e+03   1.5487067515334795e+04   1.2196979984244046e+04  -1.6881452369599363e+04   7.9497562955468356e+03  -1.5282558831037177e+04  -4.6273596784805972e+02  -1.6719900101476847e+04   0.0000000000000000e+00   0.0000000000000000e+00
   1.5061219002877024e+04  -5.1104816746246834e+03   2.1404842297561622e+03   1.5492998647976621e+04   1.2118477904153042e+04  -1.7007811406929795e+04  -1.5267161830660089e+04  -5.2745489541441020e+02   0.0000000000000000e+00   0.0000000000000000e+00   0.0000000000000000e+00   0.0000000000000000e+00
  -5.2667162619583296e+03   2.0727865290325408e+03   2.6229372713905472e+04   1.5498326612281395e+04   1.2040569795233747e+04  -1.7133223729950983e+04  -1.5251420378869387e+04  -5.9143102367934796e+02   0.0000000000000000e+00   0.0000000000000000e+00   0.0000000000000000e+00   0.0000000000000000e+00
  -1.7385273163368129e+04  -5.4225587636542332e+03   2.0042161647491243e+03   2.6194859996299645e+04   1.5503040215886194e+04   1.1963261653220690e+04  -1.7257678483176645e+04  -1.5235346460704153e+04  -6.5466732072616333e+02   0.0000000000000000e+00   0.0000000000000000e+00   0.0000000000000000e+00
  -1.7328812157679109e+04  -5.5779961454822842e+03   1.9347710835299226e+03   2.6159000015800706e+04   1.5507128334473999e+04   1.1886559317150208e+04  -1.7381164938419879e+04  -1.5218952080989586e+04  -7.1716689804698137e+02   0.0000000000000000e+00   0.0000000000000000e+00   0.0000000000000000e+00
  -1.7272581599537123e+04  -5.7330154298780380e+03   1.8644493930341494e+03   2.6121796301030587e+04   1.5510579913848776e+04   1.1810468468455589e+04  -1.7503672496463732e+04  -7.7893300984855409e+02   0.0000000000000000e+00   0.0000000000000000e+00   0.0000000000000000e+00   0.0000000000000000e+00
  -1.7216590775715194e+04  -5.8876036978416387e+03   1.7932493625732309e+03   2.6083252549839635e+04   1.5513383972006617e+04   1.1734994630085095e+04  -1.7625190688713792e+04  -8.3996905232873951e+02   0.0000000000000000e+00   0.0000000000000000e+00   0.0000000000000000e+00   0.0000000000000000e+00
  -1.7160848866625387e+04   2.2439487116636104e+04  -6.0417480908283378e+03   1.7211694236996866e+03   2.6043372628753601e+04   1.5515529601194381e+04   1.1660143165649404e+04  -1.7745709178828612e+04   0.0000000000000000e+00   0.0000000000000000e+00   0.0000000000000000e+00   0.0000000000000000e+00
  -1.7105364944782348e+04   2.2528064584573647e+04  -6.1954358126302723e+03   1.6482081707677121e+03   2.6002160572393237e+04   1.5517005969955651e+04   1.1585919278598605e+04  -1.7865217764327954e+04   0.0000000000000000e+00   0.0000000000000000e+00   0.0000000000000000e+00   0.0000000000000000e+00
  -1.7050147973288371e+04   2.2615434685249944e+04  -6.3486541312492755e+03   1.5743643614653981e+03   2.5959620582867097e+04   1.5517802325163531e+04   1.1512328011428886e+04  -1.7983706378178325e+04   1.5576801921825676e+04   0.0000000000000000e+00   0.0000000000000000e+00   0.0000000000000000e+00
  -1.6995206804340120e+04   2.2701589797667595e+04  -6.5013903807603538e+03   1.4996369173184387e+03   2.5915757029137385e+04   1.5517907994040048e+04   1.1439374244919076e+04  -1.8101165090355611e+04   1.5701140551452132e+04   5.8264610441812301e+03   0.0000000000000000e+00   0.0000000000000000e+00
  -1.6940550177757297e+04   2.2786522464265770e+04  -6.6536319631656252e+03   1.4240249241652416e+03   2.5870574446359031e+04   1.5517312386161791e+04   1.1367062697397190e+04  -1.8217584109384665e+04   1.5824570842132063e+04   5.9208716065205545e+03  -1.0887845536016073e+04   0.0000000000000000e+00
  -1.6886186719533507e+04   2.2870225392070901e+04  -6.8053663502383779e+03   1.3475276326033479e+03   2.5824077535191871e+04   1.5516004995451432e+04   1.1295397924037185e+04  -1.8332953783855301e+04   1.5947083198358725e+04   6.0160160195134422e+03  -1.0817358154540738e+04   0.0000000000000000e+00
  -1.6832124940409452e+04   2.2952691453817479e+04  -6.9565810853570529e+03   1.2701444584070421e+03   2.5776271161086530e+04   1.5513975402154800e+04   1.1224384316185937e+04  -1.8447264603914664e+04   1.6068668146585242e+04   6.1118896029092220e+03  -1.0747478924670540e+04   0.0000000000000000e+00
  -1.6778373234468752e+04   2.3033913689038120e+04  -7.1072637853286988e+03   1.1918749829160965e+03   2.5727160353543506e+04   1.1154026100720748e+04  -1.8560507202735535e+04   1.6189316336643227e+04   6.2084875170743899e+03  -1.0678210562846769e+04   0.0000000000000000e+00   0.0000000000000000e+00
  -1.6724939877756718e+04   2.3113885305123345e+04  -7.2574021422018559e+03   1.1127189533955298e+03   2.5676750305346071e+04   1.1084327339437315e+04  -1.8672672357960426e+04   1.6309018543141954e+04   6.3058047636613073e+03  -1.0609555634524997e+04  -1.1394158795834703e+03   0.0000000000000000e+00
  -1.6671833026921453e+04   2.3192599678380553e+04  -7.4069839250671839e+03   1.0326762833632226e+03   2.5625046371776501e+04   1.1015291928471966e+04  -1.8783750993119076e+04   1.6427765666862429e+04   6.4038361863035507e+03  -1.0541516553843072e+04  -1.0675953364653533e+03   0.0000000000000000e+00
  -1.6619060717879478e+04   2.3270050354996540e+04  -7.5559969818494765e+03   9.5174705289519443e+02   2.5572054069784896e+04   1.0946923597746998e+04  -1.8893734179025680e+04   1.6545548736098182e+04   6.5025764713418166e+03  -1.0474095583320333e+04  -9.9485553227869912e+02   0.0000000000000000e+00
  -1.6566630864505172e+04   2.3346231051926261e+04  -7.7044292410899125e+03   8.6993150890613254e+02   2.5517779077118008e+04   1.0879225910441864e+04  -1.9002613135154297e+04   1.6662358907953880e+04   6.6020201485791895e+03  -1.0407294833586593e+04  -9.2119571278274748e+02   0.0000000000000000e+00
  -1.6514551257340845e+04   2.3421135657968229e+04  -7.8522687137076873e+03   7.8723006537807032e+02   2.5462227231493172e+04  -2.3457007635201513e+04   1.0812202262521025e+04  -1.9110379230973453e+04   1.6778187469733431e+04   6.7021615920545955e+03  -1.0341116263120477e+04  -8.4661529568163849e+02
  -1.6462829562333391e+04   2.3494758234613080e+04  -7.9995034947574850e+03   7.0364330358000825e+02   2.5405404529682695e+04  -2.3372114945667203e+04   1.0745855882269916e+04  -1.9217023987269044e+04   1.6893025840208316e+04   6.8029950208518458e+03  -1.0275561678029537e+04  -7.7111387094950146e+02
  -1.6411473319594272e+04   2.3567093016916642e+04  -8.1461217651722682e+03   6.1917197225239420e+02   2.5347317126590922e+04  -2.3286133735463325e+04   1.0680189829868697e+04  -1.9322539077437683e+04   1.7006865570892875e+04   6.9045144999334425e+03  -1.0210632731852495e+04  -6.9469120111878669e+02
  -1.6360489942183569e+04   2.3638134414341090e+04  -8.2921117934935737e+03   5.3381698776218104e+02   2.5287971334305621e+04  -2.3199072616294994e+04   1.0615206996997311e+04  -1.9426916328753869e+04   1.7119698347298308e+04   7.0067139410013178e+03  -1.0146330925388047e+04  -6.1734722153907421e+02
  -1.6309886714918561e+04   2.3707877011564466e+04  -8.4374619375888033e+03   4.4757943422843886e+02   2.5227373621124189e+04  -2.3110940327014679e+04   1.0550910106471838e+04  -1.9530147723611190e+04   1.7231515990164895e+04   7.1095871033843532e+03  -1.0082657606550456e+04  -5.3908204060632011e+02
  -1.6259670793206777e+04   2.3776315569258237e+04  -8.5821606463554272e+03   3.6046056361847042e+02  -2.3021745732278265e+04   1.0487301711912396e+04  -1.9632225400736861e+04   1.7342310456672454e+04   7.2131275949524925e+03  -1.0019613970251763e+04  -4.5989593996250193e+02   0.0000000000000000e+00
  -1.6209849201903837e+04   2.3843445024832716e+04  -8.7261964614117442e+03  -1.5040580926194230e+04  -2.2931497821181878e+04   1.0424384197442418e+04  -1.9733141656379768e+04   1.7452073841628662e+04   7.3173288730572849e+03  -9.9572010583108495e+03  -3.7978937466570250e+02   0.0000000000000000e+00
  -1.6160428834196166e+04   2.3909260493150457e+04  -8.8695580187739506e+03  -1.5017568012367596e+04  -2.2840205705879649e+04   1.0362159777419654e+04   1.7560798378635198e+04   7.4221842454986800e+03  -9.8954197593892641e+03  -2.9876297333051519e+02   0.0000000000000000e+00   0.0000000000000000e+00
  -1.6111416450508725e+04   2.3973757267207322e+04  -9.0122340505192515e+03   5.5061175532611260e+03  -1.4993672144916089e+04  -2.2747878620182488e+04   1.0300630496198683e+04   1.7668476441231240e+04   7.5276868715177925e+03  -9.8342708089539428e+03  -2.1681753823886589e+02   0.0000000000000000e+00
  -1.6062818677438076e+04   2.4036930818781071e+04   5.5347443934655757e+03  -1.4968885767772568e+04  -2.2654525918138414e+04   1.0239798227925132e+04   1.7775100544014396e+04   7.6338297628156215e+03  -9.7737547892668590e+03  -1.3395404542115148e+02   0.0000000000000000e+00   0.0000000000000000e+00
  -1.6014642006710639e+04   2.4098776799047711e+04   5.5627638963180325e+03  -1.4943201445395991e+04  -2.2560157072594342e+04   1.7880663343738743e+04   7.7406057845973464e+03  -9.7138721294015741e+03  -5.0173644707768766e+01   0.0000000000000000e+00   0.0000000000000000e+00   0.0000000000000000e+00
  -1.5966892794166628e+04   5.5901852045080923e+03  -1.4916611864232553e+04  -2.2464781673739679e+04   1.7985157640389622e+04   7.8480076566420748e+03  -9.6546231052867879e+03   3.4522340249024765e+01   0.0000000000000000e+00   0.0000000000000000e+00   0.0000000000000000e+00   0.0000000000000000e+00
  -1.5919577258772719e+04   5.6170175578666122e+03  -1.4889109834156028e+04  -2.2368409427620747e+04   1.8088576378230908e+04   7.9560279543993511e+03  -9.5960078397790330e+03   1.2013241198134219e+02   0.0000000000000000e+00   0.0000000000000000e+00   0.0000000000000000e+00   0.0000000000000000e+00
  -1.5872701481653545e+04   5.6432702914918682e+03  -1.4860688289889085e+04  -2.2271050154661913e+04   1.8190912646838380e+04   8.0646591101074519e+03  -9.5380263027577075e+03   2.0665489924485846e+02   0.0000000000000000e+00   0.0000000000000000e+00   0.0000000000000000e+00   0.0000000000000000e+00
  -1.5826271405144451e+04   1.1111355813878088e+04  -2.6079668731470691e+04   5.6689528338709724e+03  -1.4831340292404853e+04  -2.2172713788185360e+04  -2.1249664944234173e+03   1.8292159682115962e+04   8.1738934139343646e+03  -9.4806783112438770e+03   2.9408795708980909e+02   0.0000000000000000e+00
  -1.5780292831893781e+04   1.1130438348658685e+04  -2.6044973921832043e+04   5.6940747049234296e+03  -1.4801059030303277e+04  -2.2073410372831808e+04  -2.0696982354666557e+03   1.8392310867255492e+04   8.2837230151541316e+03  -9.4239635295621247e+03   3.8242956695042898e+02   0.0000000000000000e+00
  -1.5734771423970209e+04   1.1149665063577595e+04  -2.6009003954952699e+04   5.7186455140836933e+03  -1.4769837821170444e+04  -2.1973150063037443e+04  -2.0152351180143125e+03   1.8491359733701709e+04   8.3941399233379416e+03  -9.3678814695152087e+03   4.7167753677394205e+02   0.0000000000000000e+00
  -1.5689712702002433e+04   1.1169044236229991e+04  -2.5971764446395668e+04   5.7426749583522787e+03  -1.4737670112915373e+04  -2.1871943121473090e+04  -1.9615734651196160e+03   1.8589299962084704e+04   8.5051360095720811e+03  -9.3124314905897536e+03   5.6182950117619123e+02   0.0000000000000000e+00
  -1.5645122044345235e+04   1.1188584077131365e+04  -2.5933261168371453e+04   5.7661728203314742e+03  -1.4704549485085485e+04  -2.1769799917466840e+04  -1.9087094352596091e+03   1.8686125383127994e+04   8.6167030076998690e+03  -9.2576128001890829e+03   6.5288292162682524e+02   0.0000000000000000e+00
  -1.5601004686271950e+04   1.1208292728003471e+04  -2.5893500048761005e+04   5.7891489662460644e+03  -1.4670469650160252e+04  -2.1666730925410408e+04  -1.8566390232144279e+03  -7.0113690206028523e+03   1.8781829978532121e+04   8.7288325155872026e+03  -9.2034244538930652e+03   7.4483508666387320e+02
  -1.5557365719193684e+04   1.1228178260073482e+04  -2.5852487170113603e+04   5.8116133439493769e+03  -1.4635424454823040e+04  -2.1562746723149201e+04  -1.8053580609775008e+03  -6.8540229161560947e+03   1.8876407881833478e+04   8.8415159964116210e+03  -9.1498653557450198e+03   8.3768311213775758e+02
  -1.5514210089904989e+04   1.1248248672386833e+04  -2.5810228768619359e+04   5.8335759809150595e+03  -1.4599407881210873e+04  -2.1457857990356875e+04  -1.7548622186965165e+03  -6.6965776716460468e+03   8.9547447799744950e+03  -9.0969342585655831e+03   9.3142394148466019e+02   0.0000000000000000e+00
  -1.5471542599856521e+04   1.1268511890133768e+04  -2.5766731233056758e+04   5.8550469822149207e+03  -1.4562414048141767e+04  -2.1352075506893951e+04  -1.7051470056450341e+03  -6.5390471614138687e+03  -9.0446297642936388e+03   1.0260543460291742e+03   0.0000000000000000e+00   0.0000000000000000e+00
  -1.5429367904454428e+04   1.1288975762990338e+04  -2.5722001103715389e+04   5.8760365284832114e+03  -1.4524437212319788e+04  -2.1245410151151438e+04  -1.6562077712245491e+03  -6.3814452556904971e+03  -8.9929503243542022e+03   1.1215709253162377e+03   0.0000000000000000e+00   0.0000000000000000e+00
   1.1309648063473789e+04  -2.5676045071294138e+04   5.8965548738677362e+03  -1.4485471769517204e+04  -2.1137872898379082e+04  -1.6080397059968836e+03  -6.2237858185820851e+03  -1.8108631422498296e+04  -8.9418942400532378e+03   1.2179701074721925e+03   0.0000000000000000e+00   0.0000000000000000e+00
   1.1330536485312930e+04  -2.5628869975774574e+04   5.9166123439681323e+03  -1.4445512255733927e+04  -2.1029474818999075e+04  -1.5606378427467002e+03  -6.0660827060560187e+03  -1.8207011247594470e+04  -8.8914596629993812e+03   0.0000000000000000e+00   0.0000000000000000e+00   0.0000000000000000e+00
   1.1351648641833723e+04  -2.5580482805270545e+04   5.9362193337617464e+03  -1.4404553348333786e+04  -2.0920227076904855e+04  -1.5139970575739949e+03  -5.9083497639279267e+03  -1.8305312588608256e+04  -8.8416445955525560e+03   0.0000000000000000e+00   0.0000000000000000e+00   0.0000000000000000e+00
   1.1372992064359272e+04  -2.5530890694861140e+04   5.9553863055233915e+03  -1.4362589867161854e+04  -2.0810140927753364e+04  -1.4681120710147279e+03  -5.7506008258383445e+03  -1.8403522945486759e+04  -8.7924468912972898e+03   0.0000000000000000e+00   0.0000000000000000e+00   0.0000000000000000e+00
  -1.4118274844331912e+04   1.1394574200628065e+04   5.9741237867204318e+03  -1.4319616775629109e+04  -2.0699227717226884e+04  -1.4229774491946257e+03  -5.5928497112560080e+03  -1.8501629776092697e+04  -8.7438642555474216e+03   0.0000000000000000e+00   0.0000000000000000e+00   0.0000000000000000e+00
  -1.4228718673526620e+04   1.1416402413229862e+04   5.9924423678879739e+03  -1.4275629181767648e+04  -1.3785876050146705e+03  -5.4351102234992250e+03  -1.8599620498262680e+04  -8.6958942458805468e+03   0.0000000000000000e+00   0.0000000000000000e+00   0.0000000000000000e+00   0.0000000000000000e+00
  -1.4339421324587462e+04   1.1438483978050335e+04   6.0103527005366723e+03  -1.4230622339292442e+04  -1.3349367993539979e+03  -5.2773961476759723e+03  -1.8697482491905270e+04   0.0000000000000000e+00   0.0000000000000000e+00   0.0000000000000000e+00   0.0000000000000000e+00   0.0000000000000000e+00
  -1.4450370575922268e+04   1.1460826082739424e+04   6.0278654950109812e+03  -1.4184591648611924e+04  -1.2920191423123683e+03  -5.1197212487010829e+03  -1.8795203101077434e+04   0.0000000000000000e+00   0.0000000000000000e+00   0.0000000000000000e+00   0.0000000000000000e+00   0.0000000000000000e+00
  -1.4561554112060219e+04   1.1483435825194802e+04  -1.5399057701456521e+04   6.0449915183484509e+03  -1.4137532657822336e+04  -1.2498285944783897e+03  -4.9620992692947393e+03  -1.8892769636076231e+04   0.0000000000000000e+00   0.0000000000000000e+00   0.0000000000000000e+00   0.0000000000000000e+00
  -1.4672959525830031e+04   1.1506320212062725e+04  -1.5378507767794630e+04   6.0617415921292895e+03  -1.4089441063677768e+04  -1.2083589682263082e+03  -4.8045439279838620e+03  -1.8990169375536912e+04   0.0000000000000000e+00   0.0000000000000000e+00   0.0000000000000000e+00   0.0000000000000000e+00
  -1.4784574320554120e+04   1.1529486157256599e+04  -1.5358332542024069e+04   6.0781265903165076e+03  -1.4040312712535790e+04  -1.4271759636563705e+04  -1.1676039290411236e+03  -4.6470689171067279e+03  -1.9087389568537292e+04   0.0000000000000000e+00   0.0000000000000000e+00   0.0000000000000000e+00
  -1.4896385912258549e+04   1.1552940480493489e+04  -1.5338540152935500e+04   6.0941574370871731e+03  -1.3990143601278527e+04  -1.4254406264669893e+04  -1.1275569968718100e+03  -4.4896879008211081e+03  -1.9184417436707881e+04   1.8536822304080968e+04   0.0000000000000000e+00   0.0000000000000000e+00
  -1.5008381631897859e+04   1.1576689905848902e+04  -1.5319138606754013e+04   6.1098451046550636e+03  -1.3938929878209077e+04  -1.4237316670574141e+04  -1.0882115475124046e+03  -4.3324145131161704e+03  -1.9281240176347579e+04   1.8628341893047353e+04  -6.2031048158676258e+03   7.0763014912782191e+03
  -1.5120548727594769e+04   1.1600741060330163e+04  -1.5300135785856181e+04   6.1252006110851398e+03  -1.3886667843922996e+04  -1.4220500718137273e+04  -1.0495608140107111e+03  -4.1752623558284631e+03  -1.9377844960544375e+04   1.8719787690740504e+04  -6.3483562543305488e+03   6.9215717769465837e+03
  -1.5232874366893871e+04   1.1625100472468588e+04  -1.5281539447508496e+04  -1.3833353952154845e+04  -1.4203968171919636e+04  -1.0115978881043778e+03  -4.0182449966622758e+03  -1.9474218941300871e+04   1.8811147415376148e+04  -6.4929791076430620e+03   6.7668431989911924e+03   0.0000000000000000e+00
  -1.5345345639029152e+04   1.1649774570930793e+04  -1.5263357222627506e+04  -1.3778984810599626e+04  -1.4187728695208059e+04  -9.7431572168408616e+02  -3.8613759672146352e+03  -1.9570349251664153e+04   1.8902408742230105e+04  -6.6369623131445360e+03   6.6121291734985334e+03   0.0000000000000000e+00
  -1.5457949557204571e+04   1.1674769683149379e+04  -1.5245596614561799e+04  -1.3723557181708900e+04  -1.4171791848061197e+04  -9.3770712828359945e+02  -3.7046687610052436e+03  -1.9666223007859786e+04   1.8993559305676925e+04  -6.7802949051743853e+03   6.4574430922782813e+03   0.0000000000000000e+00
  -1.5570673060887539e+04   1.1700092033973333e+04  -1.5228264997895794e+04  -1.3667067983461566e+04  -1.4156167085373751e+04  -9.0176478459638611e+02  -3.5481368315116456e+03  -1.9761827311429359e+04   1.9084586701235665e+04  -6.9229660167220454e+03   6.3027983208490168e+03   0.0000000000000000e+00
  -1.5683503018112982e+04   1.1725747744340131e+04  -1.5211369617279879e+04   4.2731659484703068e+03  -1.3609514290102568e+04  -1.4140863754960707e+04  -8.6648123202400143e+02  -3.3917935902221366e+03  -1.9857149251365845e+04   1.9175478487624136e+04  -7.0649648810641502e+03   6.1482081964237077e+03
  -1.5796426227802480e+04   1.1751742829964052e+04  -1.5194917586273439e+04   4.2339572558667269e+03  -1.3550893332870313e+04  -1.4125891095659345e+04  -8.3184887823862823e+02  -3.2356524046677537e+03  -1.9952175906264081e+04   1.9266222188815591e+04  -7.2062808333821840e+03   5.9936860259103287e+03
  -1.5909429422096751e+04   1.1778083200042067e+04  -1.5178915886203993e+04   4.1953491072603283e+03  -1.3491202500707403e+04  -1.4111258235449788e+04  -7.9785999876365418e+02  -3.0797265964429835e+03  -2.0046894346481637e+04   1.9356805296098813e+04  -7.3469033123617555e+03   5.8392450839243402e+03
  -1.6022499268688216e+04   1.1804774655994370e+04  -1.5163371365079776e+04   4.1573355238837185e+03  -1.3430439340898452e+04  -1.4096974189603017e+04  -2.9240294393215290e+03  -2.0141291636261711e+04   1.9447215270157365e+04  -7.4868218617911962e+03   5.6848986107725868e+03   0.0000000000000000e+00
  -1.6135622373173386e+04   1.1831822890213336e+04  -1.5148290736497060e+04   4.1199104014320519e+03  -1.4083047858843556e+04  -2.7685741572991983e+03  -2.0235354835893944e+04   1.9537439543142158e+04  -7.6260261321307780e+03   5.5306598104735167e+03   0.0000000000000000e+00   0.0000000000000000e+00
  -1.6248785281412378e+04   1.1859233484837338e+04  -1.5133680578577960e+04   4.0830675113333677e+03   1.4138867890912039e+04  -1.4069488027535166e+04   2.3848140440670686e+04  -2.6133739226664343e+03  -2.0329071003866469e+04   1.9627465520752463e+04  -7.7645058820695449e+03   5.3765418487748548e+03
  -1.6361974481897736e+04   1.1887011910545927e+04  -1.5119547332931072e+04   4.0468005020397700e+03   1.4085460073279230e+04  -1.4056303361888262e+04   2.3893177277084436e+04  -2.4584418540880729e+03  -2.0422427199019097e+04   1.9717280584321710e+04  -7.9022509800656280e+03   5.2225578511777612e+03
  -1.6475176408132043e+04   1.1915163525376687e+04  -1.5105897303634863e+04   4.0111029003394174e+03   1.4030940136096848e+04  -1.4043502408189393e+04   2.3937321570781307e+04  -2.3037910146905806e+03  -2.0515410482697203e+04   1.9806872092907455e+04  -8.0392514058697825e+03   5.0687209009676644e+03
  -1.6588377441013807e+04   1.1943693573563987e+04  -1.5092736656244017e+04   3.9759681126889277e+03   1.3975305071080675e+04  -1.4031093591053152e+04   2.3980563948631323e+04  -2.1494344101570878e+03  -2.0608007920906151e+04   1.9896227385385548e+04  -8.1754972520318588e+03   4.9150440372523090e+03
  -1.6701563911231355e+04   1.1972607184399911e+04  -1.5080071416818842e+04   3.9413894265661183e+03   1.3918552035971343e+04  -1.4019085211697000e+04   2.4022895134548940e+04  -1.9953849868304721e+03  -2.0700206586465705e+04   1.9985333782547761e+04  -8.3109787253899412e+03   4.7615402530070623e+03
  -1.6814722101663890e+04   1.2001909371117428e+04  -1.5067907470977787e+04   3.9073600118427630e+03   1.3860678355224945e+04  -1.4007485446239241e+04   2.4064305951053771e+04  -2.0791993561164105e+04   2.0074178589202955e+04  -8.4456861485418649e+03   4.6082224931281007e+03   0.0000000000000000e+00
  -1.6927838249789544e+04  -1.5056250562973144e+04   3.8738729221771978e+03   1.3801681520675957e+04  -1.3996302344020693e+04   2.4104787320813874e+04  -2.0883355937911463e+04   2.0162749096280884e+04  -8.5796099612988728e+03   4.4551036524934798e+03   0.0000000000000000e+00   0.0000000000000000e+00
  -1.7040898550099664e+04   2.3126792025574792e+04  -1.5045106294790152e+04   3.8409210964264894e+03   1.3741559192172448e+04  -1.3985543825950281e+04   2.4144330268171565e+04   2.0251032582939002e+04  -8.7127407221211488e+03   4.3021965740326668e+03   0.0000000000000000e+00   0.0000000000000000e+00
  -1.7153889156519159e+04   2.3142464680492478e+04  -1.5034480125269385e+04   3.8084973600779795e+03   1.3680309198183362e+04  -1.3975217682874991e+04   2.4182925920651342e+04  -3.5871067340536724e+03   2.0339016318671198e+04  -8.8450691095348811e+03   4.1495140468046429e+03   0.0000000000000000e+00
  -1.7266796184832037e+04   2.3157146533789262e+04  -1.5024377369252716e+04   3.7765944266999381e+03   1.3617929536377962e+04  -1.3965331573974578e+04   2.4220565510449887e+04  -3.6129643637312092e+03   2.0426687565418706e+04  -8.9765859235307398e+03   3.9970688040850432e+03   0.0000000000000000e+00
  -1.7379605715111400e+04   2.3170829250345272e+04  -1.5014803196749701e+04   3.7452048993988310e+03   1.3554418374183353e+04  -1.3955893025180061e+04   2.4257240375897043e+04  -3.6386125574275429e+03   2.0514033579682000e+04  -9.1072820869448060e+03   3.8448735214635481e+03   0.0000000000000000e+00
   2.3183504607592356e+04  -1.5005762632134358e+04   3.7143212723219867e+03   1.3489774049300389e+04  -1.3946909427620365e+04   2.4292941962921679e+04  -3.6640614586004281e+03   2.0601041614635014e+04  -9.2371486468171788e+03   3.6929408149486549e+03   0.0000000000000000e+00   0.0000000000000000e+00
   2.3195164497027243e+04  -1.4997260553369930e+04   3.6839359321961051e+03   1.3423995070182644e+04  -1.3938388036096636e+04   2.4327661826513675e+04   8.0787220171347344e+03  -3.6893212415565331e+03   2.0687698922240779e+04  -9.3661767757291109e+03   3.5412832390809353e+03   0.0000000000000000e+00
   2.3205800925757027e+04  -1.4989301691235270e+04   3.6540411597949192e+03   1.3357080116531912e+04  -1.3930335967573486e+04   2.4361391632090494e+04   8.0519802643662588e+03  -3.7144021093308629e+03   2.0773992755364492e+04  -9.4943577731308869e+03   3.3899132850637734e+03   0.0000000000000000e+00
   2.3215406017982492e+04   3.6246291315045364e+03   1.3289028039725254e+04  -1.3922760199704757e+04   2.4394123156913440e+04   8.0258040919541354e+03  -3.7393142915524963e+03   2.0859910369889534e+04  -9.6216830666403912e+03   3.2388433788980501e+03   0.0000000000000000e+00   0.0000000000000000e+00
   2.5439855321220490e+04   2.3223972016476131e+04   3.5956919208836043e+03   1.3219837863224991e+04  -1.3915667569383973e+04   2.4425848291464947e+04   8.0001868814420895e+03  -3.7640680423052954e+03   2.0945439026832668e+04  -9.7481442133241490e+03   3.0880858795295499e+03   0.0000000000000000e+00
   2.5429912528916841e+04   2.3231491284042113e+04   1.9747516608119877e+04   3.5672215002408907e+03   1.3149508782960391e+04  -1.3909064771321828e+04   2.4456559040806329e+04   7.9751218789985141e+03  -3.7886736379822169e+03   2.1030565994458699e+04  -9.8737329009579371e+03   2.9376530770074082e+03
   2.5418677896844609e+04   2.3237956304957559e+04   1.9628789635798767e+04   3.5392097422299412e+03   1.3078040167680683e+04   2.4486247525916053e+04   7.9506021968478644e+03  -3.8131413751335967e+03   2.1115278550394316e+04  -9.9984409492667146e+03   2.7875571906540008e+03   0.0000000000000000e+00
   2.5406156938831300e+04   2.3243359686395404e+04   1.9509447428824715e+04   3.5116484214606480e+03   1.3005431559279663e+04   2.4514905985007972e+04   7.9266208147267380e+03  -3.8374815683098959e+03   2.1199563983740656e+04  -1.0122260311143626e+04   2.6378103672465263e+03   0.0000000000000000e+00
   2.5392355331151241e+04   2.3247694159828014e+04   1.9389503311787023e+04   3.4845292161273678e+03   1.2931682673091536e+04   2.4542526774829723e+04   7.9031705813644421e+03  -3.8617045478992895e+03   2.1283409597184578e+04  -1.0245183073847857e+04   2.4884246792105791e+03   0.0000000000000000e+00
   2.5377278911361926e+04   2.3250952582411737e+04   1.9268970661914973e+04   3.4578437096534180e+03   1.2856793398158194e+04  -6.5983960561130025e+03   2.4569102371940673e+04   7.8802442159876682e+03  -3.8858206579605594e+03   2.1366802709107877e+04  -1.0367201460181070e+04   2.3394121228260260e+03
   2.5360933677113899e+04   2.3253127938352030e+04   1.9147862906945164e+04   3.4315833923515952e+03   1.2780763797467758e+04  -6.7313962842090550e+03   2.4594625373969749e+04   7.8578343098490404e+03  -3.9098402540517127e+03   2.1449730655694377e+04  -1.0488307829642292e+04   2.1907846164454472e+03
   2.5343325784934274e+04   2.3254213340248691e+04   1.9026193522980324e+04   3.4057396631005136e+03   1.2703594108164438e+04  -6.8648665451358947e+03   2.4619088500852551e+04   7.8359333277792093e+03  -3.9337737010547789e+03   2.1532180793034531e+04   2.0425539987254597e+03   0.0000000000000000e+00
   2.5324461548984542e+04   2.3254202030421420e+04   1.8903976032339837e+04   3.3803038310364486e+03   1.2625284741729514e+04  -6.9987958549177129e+03   2.4642484596047732e+04   7.8145336097622221e+03  -3.9576313709971873e+03   2.1614140499227051e+04   1.8947320268712385e+03   0.0000000000000000e+00
   2.5304347439792331e+04   2.3253087382214955e+04   1.8781224001402494e+04   3.3552671172604269e+03   1.2545836284133715e+04  -7.1331731179494727e+03   2.4664806627732571e+04   7.7936273725338242e+03  -3.9814236408702241e+03   2.1695597176477408e+04   1.7473303748944177e+03   0.0000000000000000e+00
   2.5282990082957542e+04   2.3250862901280299e+04   1.8657951038447452e+04   3.3306206565729444e+03   1.2465249495953734e+04  -7.2679871286885573e+03   2.4686047689988194e+04   7.7732067112036493e+03  -4.0051608904438281e+03   2.1776538253191728e+04  -1.6290981660324025e+04   0.0000000000000000e+00
   2.5260396257834258e+04   2.3247522226843106e+04   1.8534170791475586e+04   3.3063554991957180e+03   1.2383525312475091e+04  -7.4032265733700524e+03   2.4706201003940179e+04   7.7532636008970430e+03  -4.0288535000817824e+03   2.1856951186068993e+04  -1.6370696016946838e+04   1.5339298993456117e+04
   2.5236572896188740e+04   2.3243059132956747e+04   1.8409896946016019e+04   3.2824626124898991e+03   1.2300664843775819e+04  -7.5388800317440964e+03   2.4725259918862754e+04   7.7337898984170733e+03  -4.0525118485568423e+03   2.1936823462190452e+04  -1.6449261911104288e+04   1.5466090876867460e+04
   2.5211527080828910e+04   2.3237467529707283e+04   1.8285143222967483e+04   3.2589328827801205e+03   1.2216669374731526e+04  -7.6749359788210213e+03   2.4743217913338813e+04   7.7147773439373268e+03  -4.0761463108566122e+03  -1.6526677351241749e+04   1.5592806098042312e+04   0.0000000000000000e+00
   2.3230741464421168e+04   1.8159923376396648e+04   3.2357571171101272e+03  -7.8113827866461988e+03   2.4760068596328991e+04   7.6962175627079341e+03  -4.0997672559959274e+03   7.3023033409940936e+03  -1.6602940509710214e+04   1.5719431232740735e+04   0.0000000000000000e+00   0.0000000000000000e+00
   2.3222875122844620e+04   1.8034251191341336e+04   3.2129260450354145e+03  -7.9482087260906819e+03   2.4775805708238597e+04   7.6781020667849234e+03  -4.1233850448269068e+03   7.4361226373543686e+03  -1.6678049722950604e+04   1.5845952825041575e+04   0.0000000000000000e+00   0.0000000000000000e+00
   2.3213862830301125e+04   1.7908140481608294e+04   3.1904303204291236e+03  -8.0854019686604970e+03   2.4790423121962802e+04   7.6604222567802944e+03  -4.1470100278491482e+03   7.5703981398687520e+03  -1.6752003491651489e+04   1.5972357389485653e+04   0.0000000000000000e+00   0.0000000000000000e+00
   2.3203699052827105e+04   1.7781605087566160e+04   3.1682605233008790e+03  -8.2229505883241163e+03   2.4803914843909701e+04   7.6431694236324329e+03  -4.1706525430205475e+03   7.7051182091516921e+03  -1.6824800480880316e+04   1.6098631413224008e+04   0.0000000000000000e+00   0.0000000000000000e+00
   2.3192378398285211e+04   1.7654658873933637e+04  -8.3608425633579300e+03   2.4816275015001134e+04   7.6263347503965588e+03  -4.1943229135692045e+03   7.8402710972182613e+03  -1.6896439520187694e+04   1.6224761358170428e+04   0.0000000000000000e+00   0.0000000000000000e+00   0.0000000000000000e+00
   2.3179895617455499e+04   1.7527315727563615e+04  -8.4990657782092676e+03   2.4827497911651171e+04   7.6099093140548130e+03  -4.2180314458068087e+03   7.9758449492624595e+03  -1.6966919603684957e+04   1.6350733663158138e+04   0.0000000000000000e+00   0.0000000000000000e+00   0.0000000000000000e+00
  -1.3823342074271635e+04   2.3166245605103712e+04   1.7399589555223258e+04  -8.6376080253767541e+03   2.4837577946722402e+04   7.5938840873456957e+03  -4.2417884269440428e+03   8.1118278054538941e+03  -1.7036239890095010e+04   1.6476534746100315e+04   0.0000000000000000e+00   0.0000000000000000e+00
  -1.3686256956217634e+04   2.3151423401027092e+04   1.7271494281370698e+04  -1.3886686274707268e+04  -8.7764570073076102e+03   7.5782499406124425e+03  -4.2656041229083667e+03   8.2482076027524454e+03  -1.7104399702776118e+04   1.6602151006153865e+04   0.0000000000000000e+00   0.0000000000000000e+00
  -1.3549065599383186e+04   1.7143043845928543e+04  -1.3877356159265304e+04  -8.9156003383115712e+03   7.5629976436700317e+03  -4.2894887761647115e+03   8.3849721767407336e+03  -1.7171398529718823e+04   1.6727568825886388e+04   0.0000000000000000e+00   0.0000000000000000e+00   0.0000000000000000e+00
  -1.3411781304188435e+04   1.7014252202054635e+04  -1.3868511530922769e+04  -2.0904651391469608e+04  -9.0550255464911625e+03   7.5481178676904283e+03  -4.3134526035394811e+03   8.5221092634739744e+03  -1.7237236023515958e+04   1.6852774573445680e+04   0.0000000000000000e+00   0.0000000000000000e+00
  -1.3274417346598062e+04   1.6885133313910359e+04  -1.3860147620810285e+04  -2.0801078572617869e+04  -9.1947200756878501e+03   7.5336011871057208e+03   8.6596065013470143e+03   1.6977754604731690e+04   0.0000000000000000e+00   0.0000000000000000e+00   0.0000000000000000e+00   0.0000000000000000e+00
  -1.3136986976077960e+04   1.6755701154419468e+04  -1.3852259525339428e+04  -2.0696940870789669e+04  -9.3346712874473851e+03   6.7193412603427450e+03   7.5194380815321447e+03   8.7974514329783633e+03   1.7102495265569254e+04   0.0000000000000000e+00   0.0000000000000000e+00   0.0000000000000000e+00
  -1.2999503413568305e+04  -6.7853485600903377e+03   1.6625969703041650e+04  -1.3844842207214779e+04  -2.0592251361620991e+04  -9.4748664629927844e+03   6.7327341596738524e+03   7.5056189377038982e+03   8.9356315071104054e+03   1.7226982893884826e+04   0.0000000000000000e+00   0.0000000000000000e+00
  -1.2861979849468960e+04  -6.7645895713029677e+03   1.6495952943555876e+04  -1.3837890496475467e+04  -2.0487023158351054e+04  -9.6152928052071984e+03   6.7463755722838432e+03   7.4921340514189142e+03   9.0741340805256477e+03   1.7351203821885803e+04   0.0000000000000000e+00   0.0000000000000000e+00
  -1.2724429441589393e+04  -6.7440519508955767e+03   1.6365664861787478e+04  -1.3831399091523501e+04  -2.0381269409672455e+04  -9.7559374406568859e+03   6.7602757535728770e+03   7.4789736295255616e+03   9.2129464199799932e+03   1.7475144378233403e+04   0.0000000000000000e+00   0.0000000000000000e+00
  -1.2586865313139921e+04  -6.7237261642389831e+03   1.6235119443384250e+04  -1.3825362560206127e+04  -2.0275003297574109e+04  -9.8967874216055152e+03   6.7744448858935057e+03   9.3520557041506108e+03   1.7598790890222608e+04   0.0000000000000000e+00   0.0000000000000000e+00   0.0000000000000000e+00
  -1.2449300550718071e+04  -6.7036026104147568e+03   1.6104330671578291e+04  -1.3819775340910928e+04  -2.0168238035180024e+04  -1.0037829728048970e+04   6.7888930765389796e+03   9.4914490255993987e+03   1.7722129685960444e+04   0.0000000000000000e+00   0.0000000000000000e+00   0.0000000000000000e+00
  -1.2311748202300725e+04  -6.6836716241284321e+03   1.5973312524948047e+04  -1.3814631743682723e+04  -2.0060986864583709e+04  -1.0179051269763639e+04   6.8036303557456631e+03   9.6311133927514220e+03   1.7845147096544129e+04   0.0000000000000000e+00   0.0000000000000000e+00   0.0000000000000000e+00
  -1.2174221275242398e+04  -6.6639234776361100e+03   1.5842078975180995e+04  -1.3809925951361947e+04  -1.9953263054678548e+04  -1.0320438888367838e+04   6.8186666747099061e+03   9.7710357318879906e+03   1.7967829458238579e+04   0.0000000000000000e+00   0.0000000000000000e+00   0.0000000000000000e+00
  -1.2036732734279889e+04  -6.6443483826840356e+03   1.5710643984837239e+04  -1.3805652020744306e+04  -1.9845079898984506e+04  -1.0461979359396109e+04   6.8340119036197457e+03   2.9876879557111346e+02   9.9112028891540649e+03   1.8090163114653093e+04   0.0000000000000000e+00   0.0000000000000000e+00
  -1.1899295499543745e+04  -6.6249364924609199e+03   1.5579021505114590e+04  -1.3801803883761580e+04  -1.9736450713471557e+04  -1.0603659394385926e+04   6.8496758297017859e+03   3.1258848601273746e+02   1.0051601632579737e+04   1.8212134418916776e+04   0.0000000000000000e+00   0.0000000000000000e+00
  -1.1761922444576714e+04  -6.6056779035625368e+03  -1.3798375348683225e+04  -1.9627388834380163e+04  -1.0745465642976465e+04   6.8656681552835735e+03   3.2631329479433128e+02   1.0192218654115251e+04   1.8333729735852321e+04   0.0000000000000000e+00   0.0000000000000000e+00   0.0000000000000000e+00
  -1.1624626394359642e+04  -6.5865626579683649e+03  -1.3795360101338689e+04  -1.9517907616039294e+04  -1.0887384695019093e+04   6.8819984958718615e+03   3.3995513594262638e+02   1.0333040571679554e+04   1.8454935444147806e+04   0.0000000000000000e+00   0.0000000000000000e+00   0.0000000000000000e+00
  -1.1487420123345062e+04  -6.5675807450298080e+03  -1.3792751706360090e+04  -1.9408020428682103e+04  -1.1029403082699260e+04   6.8986763782470853e+03   3.5352593871561686e+02   1.0474053931221724e+04   1.8575737938526374e+04   0.0000000000000000e+00   0.0000000000000000e+00   0.0000000000000000e+00
  -1.1350316353498702e+04  -6.5487221034697250e+03  -1.3790543608445143e+04  -1.9297740656259914e+04  -1.1171507282669225e+04   6.9157112385743485e+03   3.6703764516723675e+02   1.0615245208795135e+04   1.8696123631912924e+04   0.0000000000000000e+00   0.0000000000000000e+00   0.0000000000000000e+00
  -1.1213327752349480e+04  -6.5299766233928794e+03  -1.3788729133640090e+04  -1.9187081694254623e+04  -1.1313683718191513e+04   6.9331124205313272e+03   3.8050220770966496e+02   1.0756600812644028e+04   0.0000000000000000e+00   0.0000000000000000e+00   0.0000000000000000e+00   0.0000000000000000e+00
  -1.1076466931051289e+04  -6.5113341483031054e+03  -1.3787301490644883e+04  -1.9076056947490597e+04  -1.1455918761289164e+04   6.9508891734536519e+03   3.9393158667483607e+02   1.0898107085303373e+04   0.0000000000000000e+00   0.0000000000000000e+00   0.0000000000000000e+00   0.0000000000000000e+00
  -1.0939746442446649e+04  -6.4927844771390301e+03  -2.4634830195869792e+04  -1.3786253772132288e+04  -1.8964679827944823e+04  -1.1598198734913105e+04   6.9690506504972227e+03   4.0733774787213986e+02   1.1039750305707501e+04   0.0000000000000000e+00   0.0000000000000000e+00   0.0000000000000000e+00
  -1.0803178779135058e+04  -6.4743173663249954e+03  -2.4688350904186311e+04  -1.3785578956082303e+04  -1.8852963752556137e+04  -1.1740509915123832e+04   6.9876059068179602e+03   4.2073266014362906e+02   1.1181516691308067e+04   0.0000000000000000e+00   0.0000000000000000e+00   0.0000000000000000e+00
  -1.0666776371574473e+04  -6.4559225318038280e+03  -2.4740842996273997e+04  -1.3785269907154976e+04  -1.8740922141037543e+04  -1.1882838533257749e+04   7.0065638977718745e+03   4.3412829292675707e+02  -7.8267522648831737e+03   0.0000000000000000e+00   0.0000000000000000e+00   0.0000000000000000e+00
  -1.0530551586171552e+04  -6.4375896511034753e+03  -2.4792297088385301e+04  -1.3785319378064742e+04  -1.8628568413686142e+04  -1.2025170778124140e+04   7.0259334771316908e+03   4.4753661381000035e+02  -7.7024317855174013e+03  -2.2495291618470557e+04   0.0000000000000000e+00   0.0000000000000000e+00
  -1.0394516723388148e+04  -6.4193083654052471e+03  -2.4842703913463793e+04  -1.3785720010978157e+04  -1.8515915989194680e+04   7.0457233953229388e+03   4.6096958609104098e+02  -7.5772059205932983e+03  -2.2585402521221844e+04   0.0000000000000000e+00   0.0000000000000000e+00   0.0000000000000000e+00
  -1.0258684015858327e+04  -6.4010682816204544e+03  -2.4892054322731405e+04  -1.3786464338930062e+04  -1.8402978282464137e+04   7.0659422976790820e+03   4.7443916633595023e+02  -7.4510823708485923e+03  -2.2674715494164666e+04   0.0000000000000000e+00   0.0000000000000000e+00   0.0000000000000000e+00
  -1.0123065626516189e+04  -6.3828589744749179e+03  -2.4940339287256669e+04  -1.3787544787257682e+04  -1.8289768702417899e+04   7.0865987227161504e+03   4.8795730193985321e+02  -7.3240689824371921e+03  -2.2763218070849085e+04   0.0000000000000000e+00   0.0000000000000000e+00   0.0000000000000000e+00
  -9.9876736467347910e+03  -6.3646699886011720e+03  -2.4987549899503712e+04  -1.3788953675052617e+04  -1.8176300649817775e+04   7.1077011004271026e+03   5.0153592868955786e+02  -7.1961737458769821e+03  -2.2850897872792109e+04   0.0000000000000000e+00   0.0000000000000000e+00   0.0000000000000000e+00
  -9.8525200944766038e+03  -6.3464908406377317e+03  -2.5033677374861734e+04  -1.3790683216630321e+04  -1.8062587515082123e+04  -1.5366126731799946e+04   7.1292577505962090e+03   5.1518696832862622e+02  -7.0674047949735768e+03  -2.3257909210761849e+04  -2.2937742611504687e+04   6.2447379957331432e+03
  -9.7176169124556000e+03  -6.3283110213352911e+03  -2.5078713053154697e+04  -1.3792725523016901e+04  -1.7948642676106774e+04  -1.5389117125390749e+04   7.1512768811338101e+03   5.2892232612537180e+02  -6.9377704057202654e+03  -2.3227228884685639e+04  -2.3023740090500549e+04   6.3590380610180191e+03
  -9.5829759663114346e+03  -6.3101199976692751e+03  -2.5122648400131093e+04  -1.3795072603452962e+04  -1.7834479496088861e+04  -1.5412679852069383e+04   7.1737665864317141e+03   5.4275388844426050e+02  -6.8072789951742461e+03  -2.3195553187319572e+04  -2.3108878207286441e+04   6.4724153029920990e+03
  -9.4486090427959716e+03  -6.2919072149584590e+03  -2.5165475008933412e+04  -1.3797716366914216e+04  -1.7720111321353877e+04  -1.5436811241892867e+04   7.1967348457394755e+03   5.5669352032118888e+02  -6.6759391203093273e+03  -2.3162892073566229e+04  -2.3193144955333726e+04   6.5848637910985908e+03
  -9.3145278479724420e+03  -6.2736620989892017e+03  -2.5207184601547055e+04  -1.3800648623648607e+04  -1.7605551479186593e+04  -1.5461507473503372e+04   5.7075306304313006e+02  -6.5437594768453346e+03  -2.3129255610368789e+04  -2.3276528426030924e+04   6.6963777465771191e+03   0.0000000000000000e+00
  -9.1807440054275412e+03  -6.2553740581449929e+03  -2.5247769030228585e+04  -1.3803861086729648e+04  -1.7490813275665962e+04  -1.5486764574729077e+04  -1.4378717717334463e+04   5.8494433173261052e+02  -6.4107488980543130e+03  -2.3094653974858065e+04  -2.3359016810616740e+04   6.8069515432823309e+03
  -6.2370324855462932e+03  -2.5287220278910358e+04  -1.3807345373626502e+04  -1.7375909993503381e+04  -1.5512578423210573e+04  -1.4404140970091928e+04   5.9927911293417174e+02  -6.2769163535463476e+03  -2.3059097452485326e+04  -2.3440598402100019e+04   6.9165797084769329e+03   0.0000000000000000e+00
  -6.2186267611828835e+03  -2.5325530464589607e+04  -1.3811093007788244e+04  -1.5538944747045802e+04  -1.4430174516735062e+04   6.1376916221388251e+02  -6.1422709480269805e+03  -2.3022596435129970e+04  -2.3521261597145676e+04   7.0252569236042727e+03   0.0000000000000000e+00   0.0000000000000000e+00
