  -5.1459944256246463e+03
  -4.8446800966178307e+03
  -4.5196165833539144e+03
  -4.1723819142321845e+03
  -3.8046651782695199e+03
  -3.4182585321095021e+03
  -3.0150487577711042e+03
  -2.5970082893038998e+03
  -2.1661856835675471e+03
  -1.7246954181159581e+03
  -1.2747073061094818e+03
  -8.1843561735472929e+02
  -3.5812784413676985e+02
   1.0394670551142795e+02
   5.6550836994223710e+02
   1.0242788988696936e+03
   1.4779931678091164e+03
   1.9244109156966438e+03
   2.3613282054560336e+03
   2.7865890380421979e+03
   3.1980964501377380e+03
   3.5938224953437489e+03
   3.9718185748308256e+03
   4.3302253729973281e+03
   4.6672818514341316e+03
   4.9813338213555962e+03
   5.2708420259702289e+03
   5.5343897692479131e+03
   5.7706895300564656e+03
   5.9785887909571611e+03
   6.1570750726598599e+03
   6.3052806021493752e+03
   6.4224862301847834e+03
   6.5081247621650582e+03
   6.5617834546262757e+03
   6.5832056762059137e+03
   6.5722920793229105e+03
   6.5291010330820554e+03
   6.4538480705133261e+03
   6.3469048980765101e+03
   6.2087976405387608e+03
   6.0402042237195637e+03
   5.8419514964654782e+03
   5.6150111406611777e+03
   5.3604951359635988e+03
   5.0796505126234770e+03
   4.7738538017786959e+03
   4.4446046221751676e+03
   4.0935177161442853e+03
   3.7223149985836217e+03
   3.3328184312769131e+03
   2.9269416843765439e+03
   2.5066795782665286e+03
   2.0740972702300969e+03
   1.6313214801190443e+03
   1.1805289770152333e+03
   7.2393560169006196e+02
   2.6378548241364183e+02
  -1.9766060399178079e+02
  -6.5813649351946265e+02
  -1.1153820040381254e+03
  -1.5671542434759594e+03
  -2.0112388607252267e+03
  -2.4454610835536782e+03
  -2.8676965854123127e+03
  -3.2758819397190937e+03
  -3.6680247638538663e+03
  -4.0422134198551880e+03
  -4.3966260945360373e+03
  -4.7295393745546862e+03
  -5.0393362500070107e+03
  -5.3245135393622886e+03
  -5.5836891595012285e+03
  -5.8156080951703807e+03
  -6.0191480394148648e+03
  -6.1933242754135790e+03
  -6.3372938981735260e+03
  -6.4503600218703132e+03
  -6.5319745964347458e+03
  -6.5817407489499092e+03
  -6.5994147067353961e+03
  -6.5849066661481620e+03
  -6.5382812724898122e+03
  -6.4597573573111795e+03
  -6.3497070111477924e+03
  -6.2086546535155703e+03
  -6.0372748441388312e+03
  -5.8363891726270294e+03
  -5.6069628521554014e+03
  -5.3501006699613508e+03
  -5.0670422873128409e+03
  -4.7591567421843938e+03
  -4.4279362950776631e+03
  -4.0749896433542194e+03
  -3.7020344498454447e+03
  -3.3108892934241630e+03
  -2.9034650182619780e+03
  -2.4817556235076040e+03
  -2.0478285337816721e+03
  -1.6038143659652792e+03
  -1.1518963340911234e+03
  -6.9429918789399392e+02
  -2.3327783952761709e+02
   2.2889410934113792e+02
   6.8993600762872927e+02
   1.1475719008430722e+03
   1.5995422518300818e+03
   2.0436155917610197e+03
   2.4775999193816601e+03
   2.8993539542398171e+03
   3.3067979863404398e+03
   3.6979243579876897e+03
   4.0708075241106294e+03
   4.4236135490416773e+03
   4.7546092168125942e+03
   5.0621707304840202e+03
   5.3447913055680283e+03
   5.6010882600873656e+03
   5.8298095838761583e+03
   6.0298397615091644e+03
   6.2002050551650864e+03
   6.3400780342467879e+03
   6.4487810078070061e+03
   6.5257886972375609e+03
   6.5707306337111077e+03
   6.5833929220035707e+03
   6.5637191534674675e+03
   6.5118104534867443e+03
   6.4279250474613418e+03
   6.3124769497131283e+03
   6.1660337582201792e+03
   5.9893141893342572e+03
   5.7831847900700604e+03
   5.5486558197894637e+03
   5.2868764774599995e+03
   4.9991296495139359e+03
   4.6868259474902534e+03
   4.3514967669015414e+03
   3.9947868744255720e+03
   3.6184465109370608e+03
   3.2243233466811685e+03
   2.8143536057655378e+03
   2.3905520187488760e+03
   1.9550015268390055e+03
   1.5098431267606566e+03
   1.0572651479141398e+03
   5.9949224633998313e+02
   1.3877412952723370e+02
  -3.2262586626581981e+02
  -7.8244208695181317e+02
  -1.2384178460244639e+03
  -1.6883169157245500e+03
  -2.1299347016614888e+03
  -2.5611092224962272e+03
  -2.9797318675606793e+03
  -3.3837577713686114e+03
  -3.7712156550478790e+03
  -4.1402172003526211e+03
  -4.4889661642812598e+03
  -4.8157671105497120e+03
  -5.1190331941179093e+03
  -5.3972934280959753e+03
  -5.6491993183476670e+03
  -5.8735313022026785e+03
  -6.0692039092827044e+03
  -6.2352705415708997e+03
  -6.3709275187187750e+03
  -6.4755176124973232e+03
  -6.5485333636551586e+03
  -6.5896192085592675e+03
  -6.5985728118408870e+03
  -6.5753460250950902e+03
  -6.5200451317630686e+03
  -6.4329304556790512e+03
  -6.3144157179593294e+03
  -6.1650663036651895e+03
  -5.9855968148811908e+03
  -5.7768680213028019e+03
  -5.5398833004947046e+03
  -5.2757844108775071e+03
  -4.9858467246223427e+03
  -4.6714734899884288e+03
  -4.3341894014313721e+03
  -3.9756335795557775e+03
  -3.5975520205672578e+03
  -3.2017894562985998e+03
  -2.7902804612206464e+03
  -2.3650400910403250e+03
  -1.9281540927169015e+03
  -1.4817684944731016e+03
  -1.0280789244767773e+03
  -5.6931956411198564e+02
  -1.0775176313535289e+02
   3.5434749107070894e+02
   8.1469733144152644e+02
   1.2710248646490900e+03
   1.7210768330247220e+03
   2.1626311434717873e+03
   2.5935083405990190e+03
   3.0115826495335918e+03
