  -2.9559087095937607e+03  -2.1569694546494193e+04  -1.1498627321377151e+04  -2.1421352144119424e+04  -1.9495089369423098e+04  -1.9756013637247528e+04  -1.3240942425830757e+04  -2.0177082885074076e+04  -5.3848113737880412e+03   0.0000000000000000e+00   0.0000000000000000e+00   0.0000000000000000e+00
  -3.1488660848403051e+03  -1.1661987794547929e+04  -2.1404741670673091e+04  -1.9581752297498795e+04  -1.9679156199602614e+04  -1.3090074035709249e+04  -2.0241709958560150e+04  -5.2092458453646677e+03   0.0000000000000000e+00   0.0000000000000000e+00   0.0000000000000000e+00   0.0000000000000000e+00
  -3.3415822204224178e+03  -1.1824441006488536e+04  -2.1386511241208711e+04  -1.9666896850515765e+04  -1.9600733982873440e+04  -1.2938207477840460e+04  -2.0304820884190925e+04  -5.0332749469299642e+03   0.0000000000000000e+00   0.0000000000000000e+00   0.0000000000000000e+00   0.0000000000000000e+00
  -3.5340423828683347e+03  -1.1985974425260471e+04  -2.1366662174002679e+04  -1.9750516182695104e+04  -1.9520753128483855e+04  -1.2785354465230086e+04  -2.0366410730267871e+04  -4.8569122756916740e+03   0.0000000000000000e+00   0.0000000000000000e+00   0.0000000000000000e+00   0.0000000000000000e+00
  -3.7262318618294662e+03  -1.2146575594485810e+04  -2.1345195908429861e+04  -1.9832603565850277e+04  -1.9439219907133040e+04  -1.2631526782612373e+04  -2.0426474675170353e+04  -4.6801714665525415e+03   0.0000000000000000e+00   0.0000000000000000e+00   0.0000000000000000e+00   0.0000000000000000e+00
  -3.9181359710963052e+03  -1.2306232134239573e+04  -2.1322114004958472e+04  -1.9913152390095143e+04  -1.9356140718350154e+04  -1.2476736285671259e+04  -2.0485008007875280e+04  -4.5030661910301405e+03   0.0000000000000000e+00   0.0000000000000000e+00   0.0000000000000000e+00   0.0000000000000000e+00
  -4.1097400498945863e+03  -1.2464931742174856e+04  -2.1297418144912430e+04  -1.9992156164284996e+04  -1.9271522089816357e+04  -1.2320994899852034e+04  -2.0542006128130324e+04  -4.3256101561710329e+03   0.0000000000000000e+00   0.0000000000000000e+00   0.0000000000000000e+00   0.0000000000000000e+00
  -4.3010294639245049e+03   1.8102777208367799e+04  -1.2622662194424889e+04  -2.1271110130426270e+04  -2.0069608516679531e+04  -1.9185370676870807e+04  -1.2164314619532102e+04  -2.0597464546925235e+04  -4.1478171034600900e+03   0.0000000000000000e+00   0.0000000000000000e+00   0.0000000000000000e+00
  -4.4919896064693830e+03   1.7993548985901467e+04  -1.2779411346559034e+04  -2.1243191884334192e+04  -2.0145503195530000e+04  -1.9097693261946995e+04  -1.2006707507083915e+04  -2.0651378886869468e+04  -3.9697008077246323e+03   0.0000000000000000e+00   0.0000000000000000e+00   0.0000000000000000e+00
  -4.6826058995011545e+03   1.7882933016188290e+04  -1.2935167134530964e+04   1.9642088160013813e+04  -2.1213665450050899e+04  -1.9008496753996609e+04  -1.1848185691933713e+04  -2.0703744882563129e+04  -3.7912750760335925e+03   0.0000000000000000e+00   0.0000000000000000e+00   0.0000000000000000e+00
  -4.8728637947826037e+03   1.7770937731029037e+04  -1.3089917575619034e+04   1.9722988424612689e+04  -2.1182532991443786e+04  -1.8917788187900220e+04  -1.1688761369616386e+04  -2.0754558380961218e+04   1.3346639945092775e+04  -3.6125537465917610e+03   0.0000000000000000e+00   0.0000000000000000e+00
  -5.0627487749662650e+03   1.7657571670565179e+04  -1.3243650769358823e+04   1.9802370125668083e+04  -2.1149796792696925e+04  -1.8825574723865233e+04  -1.1528446800826372e+04   1.3498370825994125e+04  -3.4335506876292229e+03   0.0000000000000000e+00   0.0000000000000000e+00   0.0000000000000000e+00
  -5.2522463546898834e+03   1.7542843482637636e+04  -1.3396354898467553e+04   1.9880227406256457e+04  -2.1115459258166557e+04   2.2195731953950533e+04  -1.8731863646811147e+04  -1.1367254310464767e+04   1.3649109072423698e+04  -3.2542797962861509e+03   0.0000000000000000e+00   0.0000000000000000e+00
  -5.4413420816683893e+03   1.7426761922136426e+04  -1.3548018229760564e+04   1.9956554529332487e+04  -2.1079522912228367e+04   2.2182785243512189e+04  -1.8636662365742064e+04  -1.1205196286682640e+04   1.3798843811273622e+04  -3.0747549974929098e+03   0.0000000000000000e+00   0.0000000000000000e+00
  -5.6300215377823015e+03   1.7309335850341304e+04  -1.3698629115059666e+04   2.0031345878096596e+04  -2.1041990399116086e+04   2.2168133392158401e+04  -1.1042285179920789e+04   1.3947564244743842e+04  -2.8949902428457472e+03   0.0000000000000000e+00   0.0000000000000000e+00   0.0000000000000000e+00
  -5.8182703401624494e+03   1.7190574234253345e+04  -1.3848175992093211e+04   2.0104595956352387e+04  -2.1002864482752044e+04   2.2151777031694222e+04  -1.0878533501945776e+04   1.4095259650974538e+04  -2.7149995094780584e+03   0.0000000000000000e+00   0.0000000000000000e+00   0.0000000000000000e+00
  -6.0060741422709707e+03   1.7070486145917563e+04  -1.3996647385387922e+04   2.0176299388854070e+04   2.2133716925896799e+04  -1.0713953824882545e+04   1.4241919384673496e+04  -2.5347967989273516e+03   0.0000000000000000e+00   0.0000000000000000e+00   0.0000000000000000e+00   0.0000000000000000e+00
  -6.1934186349784968e+03   1.6949080761736637e+04  -1.4144031907152419e+04   2.0246450921643594e+04   2.2113953970608662e+04  -1.0548558780243606e+04   1.4387532877738153e+04  -2.3543961359980117e+03   0.0000000000000000e+00   0.0000000000000000e+00   0.0000000000000000e+00   0.0000000000000000e+00
  -6.3802895476209742e+03   1.6826367361807734e+04  -1.4290318258137670e+04   2.0315045422372914e+04   2.2092489193789523e+04   2.0676587045585900e+04  -1.0382361057984521e+04   1.4532089639860995e+04  -2.1738115676249040e+03   0.0000000000000000e+00   0.0000000000000000e+00   0.0000000000000000e+00
  -6.5666726490884457e+03   1.6702355329180744e+04  -1.4435495228520864e+04   2.0382077880626883e+04   2.2069323755625788e+04   2.0642746241258326e+04  -1.0215373405491362e+04   1.4675579259154923e+04  -1.9930571617223429e+03   0.0000000000000000e+00   0.0000000000000000e+00   0.0000000000000000e+00
  -6.7525537489330654e+03   1.6577054149062693e+04  -1.4579551698801632e+04   2.0447543408243066e+04   2.2044458948674219e+04   2.0607278682003176e+04  -1.0047608626522715e+04   1.4817991402789961e+04  -1.8121470060222612e+03   0.0000000000000000e+00   0.0000000000000000e+00   0.0000000000000000e+00
  -6.9379186983538857e+03   1.6450473408244485e+04  -1.4722476640583409e+04   2.0511437239585503e+04   2.2017896197767586e+04   2.0570187555401153e+04  -9.8790795803639721e+03   1.4959315817540815e+04  -1.6310952069439577e+03   0.0000000000000000e+00   0.0000000000000000e+00   0.0000000000000000e+00
  -7.1227533912842428e+03   1.6322622794311803e+04  -1.4864259117441388e+04   2.0573754731840701e+04   2.1989637060113677e+04   2.0531476178950379e+04  -9.7097991807854814e+03   1.5099542330404536e+04  -1.4499158884285641e+03   0.0000000000000000e+00   0.0000000000000000e+00   0.0000000000000000e+00
  -7.3070437654444122e+03   1.6193512094906568e+04   2.0634491365294092e+04   1.9969342882908113e+04   2.1959683225325247e+04   2.0491147999658315e+04  -9.5397803950528560e+03   1.5238660849191470e+04  -1.2686231907789270e+03   0.0000000000000000e+00   0.0000000000000000e+00   0.0000000000000000e+00
  -7.4907758033898381e+03   1.6063151196979932e+04   2.0693642743596698e+04   1.9900094708019340e+04   2.1928036515439278e+04   2.0449206593622308e+04  -9.3690362429344623e+03   1.5376661363111161e+04  -1.0872312694961952e+03   0.0000000000000000e+00   0.0000000000000000e+00   0.0000000000000000e+00
  -7.6739355335550417e+03   1.5931550086036688e+04   2.1037206967215054e+04   2.0751204594021463e+04   1.9829350644642716e+04   2.1894698884925539e+04   2.0405655665598595e+04  -9.1975797957060277e+03   1.5513533943352915e+04  -9.0575429411295477e+02   0.0000000000000000e+00   0.0000000000000000e+00
   1.5798718845371341e+04   2.1081832193536658e+04   2.0807172767709577e+04   1.9757116037543896e+04   2.1859672420684234e+04   2.0360499048560039e+04  -9.0254241751525242e+03   2.1640286387674158e+04   1.5649268743661416e+04  -7.2420644702331617e+02   7.8568344347629827e+03   0.0000000000000000e+00
   1.5664667655295776e+04   2.1124842205614641e+04   2.0861543239906801e+04   1.9683396341200172e+04   2.1822959342032744e+04   2.0313740703242587e+04   2.1632240633282869e+04   1.5783856000907024e+04  -5.4260192230976691e+02   7.6794470273715351e+03   0.0000000000000000e+00   0.0000000000000000e+00
   1.5529406792358634e+04   2.1166233814777181e+04   2.0914312110189556e+04   1.9608197119407163e+04   2.1784562000681613e+04   2.0265384717680605e+04   2.1622554396499138e+04   1.5917286035651074e+04   7.5014739679706345e+03   0.0000000000000000e+00   0.0000000000000000e+00   0.0000000000000000e+00
   2.0279181371280803e+04   1.5392946628556341e+04   2.1206003956754372e+04   2.0965475602681141e+04   1.9531524044878410e+04   2.1744482880699365e+04   2.0215435306731102e+04   1.8894125343919779e+04   2.1611228621864710e+04   1.6049549252705945e+04   7.3229288449652431e+03   0.0000000000000000e+00
   2.0342284220534460e+04   1.5255297630536121e+04   2.1244149691879793e+04   2.1015030066257783e+04   1.9453382898837979e+04   2.1702724598466517e+04   2.0163896811587023e+04   1.8991652149033864e+04   2.1598264376861895e+04   1.6180636141690067e+04   7.1438252894777615e+03   0.0000000000000000e+00
   2.0403876870242839e+04   1.5116470358790644e+04   2.1280668205282604e+04   2.1062971974744625e+04   1.9373779570605984e+04   2.1659289902618380e+04   2.0110773699279685e+04   1.9087633960928481e+04   2.1583662851772144e+04   1.6310537277577781e+04   6.9641769743166133e+03   0.0000000000000000e+00
   2.0463954565935906e+04   1.4976475466844800e+04   2.1315556807069912e+04   2.1109297927101808e+04   1.9292720057177234e+04   2.1614181673976887e+04   2.0056070562170298e+04   1.9182062949180698e+04   2.1567425359525823e+04   1.6439243321244070e+04   1.7533083934513488e+04   6.7839976129418428e+03
   2.0522512660950480e+04   1.4835323700422357e+04   2.1348812932509827e+04   2.1154004647596616e+04   1.9210210462790219e+04   2.1567402925483388e+04   1.9999792117430457e+04   1.9274931416823310e+04   2.1549553335544937e+04   1.6566745020015802e+04   1.7423501349575985e+04   6.6033009584277033e+03
   2.0579546616790474e+04   1.4693025896630879e+04   2.1380434142182352e+04   2.1197088985973969e+04   1.9126256998494839e+04   2.1518956802093755e+04   1.9941943206513006e+04   1.9366231801087921e+04   2.1530048337574335e+04   1.6693033208192581e+04   1.7312586313798587e+04   6.4221008024230769e+03
   2.0635052003474295e+04   1.4549592983155619e+04   2.1410418122106097e+04   2.1238547917622396e+04   1.9040865981716674e+04   2.1468846580644920e+04   1.9882528794613136e+04   1.9455956674137393e+04   2.1508912045502457e+04   1.6818098807546146e+04   1.7200346730516179e+04   6.2404109741097163e+03
   2.0689024499911604e+04   1.4405035977359021e+04   2.1438762683929835e+04   2.1278378543702314e+04   1.8954043835796092e+04   2.1417075669798563e+04   1.9821553970115456e+04   1.9544098743759423e+04   2.1486146261183454e+04   1.6941932827898407e+04   1.7086790611311291e+04   6.0582453391556883e+03
   2.0741459894242475e+04   1.4259365985450098e+04   2.1465465765047513e+04   2.1316578091289197e+04   1.8865797089536962e+04   2.1363647609894248e+04   1.9759023944034150e+04   1.9630650854065811e+04   2.1461752908242088e+04   1.7064526367619324e+04   1.6971926075593401e+04   5.8756177986683024e+03
   2.0792354084179591e+04   1.4112594201623982e+04   2.1490525428722878e+04   2.1353143913499676e+04   1.8776132376743644e+04   2.1308566072813941e+04   1.9694944049441739e+04   1.9715605986170038e+04   2.1435734031872726e+04   1.7185870614141146e+04   1.6855761350162713e+04   5.6925422881439790e+03
   2.0841703077344544e+04   2.1513939864204203e+04   2.1388073489607799e+04   1.8685056435751383e+04   2.1251834861835112e+04   1.9629319740887950e+04   1.9798957258849347e+04   2.1408091798630012e+04   1.7305956844467590e+04   1.6738304768763875e+04   5.5090327764158428e+03   0.0000000000000000e+00
   2.0889502991597979e+04   2.1535707386829577e+04   2.1421364425151271e+04   1.8592576108949757e+04   2.1193457911472473e+04   1.9562156593808464e+04   1.9880697929190865e+04   2.1378828496211037e+04   1.7424776425677901e+04   1.6619564771629444e+04   5.3251032645989808e+03   0.0000000000000000e+00
   2.0935750055363744e+04   1.5366832676389506e+04   2.1555826438122429e+04   2.1453014452027950e+04   1.8498698342299365e+04   2.1133439287308305e+04   1.9493460303923872e+04   1.9960821393222137e+04   2.1347946533229398e+04   1.7542320815425894e+04   1.6499549905013268e+04   5.1407677850335012e+03
   2.0980440607946872e+04   1.5496610565665502e+04   2.1574295585877400e+04   2.1483021428582364e+04   1.8403430184841811e+04   2.1071783185811364e+04   1.9423236686628654e+04   2.0039321186525594e+04   2.1315448438980835e+04   1.7658581562433927e+04   1.6378268820713531e+04   4.9560404002254954e+03
   2.1023571099845525e+04   1.5625218808304387e+04   2.1591113524236684e+04   2.1511383339682459e+04   1.8306778788202930e+04   2.1008493934144226e+04   1.9351491676370770e+04   2.0116190984836987e+04   2.1281336863200733e+04   1.7773550306981808e+04   1.6255730275585798e+04   0.0000000000000000e+00
   2.1065138093056677e+04   1.5752647762605786e+04   2.1606279073756526e+04   2.1538098296786524e+04   1.8208751406089330e+04   2.0943575989959179e+04   1.9278231326021283e+04   2.0191424604627860e+04   2.1245614575813255e+04   1.6131943131045489e+04   9.4630944413046745e+03   0.0000000000000000e+00
   2.1105138261375803e+04   1.5878887875611641e+04   2.1619791181464363e+04   2.1563164538000241e+04   1.8109355393778209e+04   1.9203461806234820e+04   2.0265016003671764e+04   2.1208284466672438e+04   1.6006916352560338e+04   9.6377826278200810e+03   0.0000000000000000e+00   0.0000000000000000e+00
   2.1143568390689998e+04   1.6003929683775224e+04   2.1631648920905980e+04   2.1586580428124089e+04   1.8008598207600586e+04   1.9127189404800509e+04   2.0336959281594271e+04   2.1169349545295088e+04   4.7127227793207694e+03   1.5880659009132449e+04   9.8117453375248642e+03   0.0000000000000000e+00
   2.1180425379265209e+04   1.6127763813623673e+04   2.1641851492183443e+04   2.1608344458690957e+04   1.7906487404417931e+04  -6.8815997471614764e+03   1.9049420525983616e+04   2.0407248680406658e+04   2.1128812940585496e+04   4.9013809303116068e+03   1.5753180272769994e+04   9.9849698727459163e+03
   2.1215706238024250e+04   1.6250380982423709e+04   2.1650398221978274e+04   1.7803030641097863e+04  -6.6976280948844751e+03   1.8970161689859935e+04   2.0475878585025581e+04   2.1086677900554940e+04   5.0896580242004911e+03   1.5624489417950213e+04   1.0157443604040431e+04   0.0000000000000000e+00
   2.1249408090824461e+04   1.6371771998820199e+04   2.1657288563575679e+04   1.7698235673970772e+04  -6.5131454015803956e+03   1.8889419531637075e+04   2.0542843523771193e+04   2.1042947792027007e+04   5.2775392522325410e+03   1.5494595821068635e+04   1.0329153970955298e+04   0.0000000000000000e+00
   2.1281528174733172e+04   1.6491927763455169e+04   2.1662522096885932e+04  -1.2072328318473335e+04   1.7592110358271508e+04  -6.3281658068943671e+03   1.8807200800964591e+04   2.0608138168845566e+04   2.0997626100331127e+04   5.4650098241561636e+03   1.5363508959875828e+04   1.0500088482776675e+04
   2.1312063840276536e+04   1.6610839269648262e+04   2.1666098528421444e+04  -1.2230078370767751e+04   1.7484662647616820e+04  -6.1427034846535307e+03   1.8723512361247733e+04   2.0671757336811166e+04   2.0950716429007905e+04   5.6520549695013342e+03   1.5231238412914779e+04   1.0670234719279406e+04
   2.1341012551699983e+04   1.6728497604009604e+04   2.1668017691295307e+04  -1.2386889015652381e+04   1.7375900593438244e+04  -5.9567726417862177e+03   1.8638361188941188e+04   2.0733695989037929e+04   2.0902222499488798e+04   5.8386599388155573e+03   1.5097793858938019e+04   1.0839580331460871e+04
   2.1368371887217210e+04   1.6844893947063705e+04   2.1668279545201451e+04  -1.2542748138112274e+04   1.7265832344419752e+04  -5.7703875172331373e+03   1.8551754372837502e+04   2.0793949232137682e+04   2.0852148150772802e+04   6.0248100049148406e+03   1.4963185076317179e+04   1.1008113042268618e+04
   2.1394139539252479e+04   1.6960019573866710e+04   2.1666884176385327e+04  -1.2697643694678236e+04   1.7154466145928571e+04  -5.5835623808572891e+03   1.8463699113346935e+04   2.0852512318382091e+04   2.0800497339095476e+04   6.2104904641367712e+03   1.4827421942442037e+04   1.1175820647319879e+04
   2.1418313314676656e+04   1.7073865854616957e+04   2.1663831797604817e+04  -1.2851563714381558e+04   1.7041810339439733e+04  -5.3963115323526517e+03   1.8374202721768910e+04   2.0909380646103727e+04   2.0747274137589888e+04   6.3956866375954778e+03   1.4690514433109294e+04   1.1342691015612711e+04
   2.1440891135036523e+04   1.7186424255259099e+04   2.1659122748081834e+04  -1.3004496299703647e+04   1.6927873361954338e+04  -5.2086493001517492e+03   1.8283272619555366e+04   2.0964549760080354e+04   2.0692482735939968e+04   6.5803838724385641e+03   1.4552472621900812e+04   1.1508712090229066e+04
   2.1461871036777629e+04   1.7297686338081319e+04  -1.3156429627520276e+04   1.6812663745411235e+04  -5.0205900403321775e+03   2.1018015351902497e+04   2.0636127440025910e+04   6.7645675431056179e+03   1.4413306679551461e+04   1.1673871889029657e+04   0.0000000000000000e+00   0.0000000000000000e+00
   2.1481251171460470e+04   1.7407643762306074e+04  -2.1492962767956968e+04  -1.3307351950040667e+04   1.6696190116092548e+04  -4.8321481355221540e+03  -2.1852744191042020e+04   2.1069773260323924e+04   2.0578212671561945e+04   6.9482230525883788e+03   1.4273026873306551e+04   1.1838158505340552e+04
   2.1499029805970076e+04   1.7516288284673938e+04  -2.1453052281219992e+04  -1.3457251595740980e+04   1.6578461194022890e+04  -4.6433379938051930e+03  -2.1843869332978909e+04   2.1119819471595481e+04   2.0518742967726415e+04   7.1313358336923029e+03   1.4131643566268791e+04   1.2001560108631771e+04
   2.1515205322718939e+04   1.7623611760020787e+04  -2.1411555095580621e+04  -1.3606116970292413e+04   1.6459485792362146e+04  -4.4541740476239947e+03  -2.1833288153202640e+04   2.0457722980784107e+04   7.3138913502994565e+03   1.3989167216734828e+04   1.2164064945187702e+04   0.0000000000000000e+00
   1.7729606141848159e+04  -2.1368474126245892e+04  -1.3753936557483668e+04   1.6339272816792203e+04  -4.2646707526835880e+03  -2.1821001328460032e+04   2.0395157477700985e+04   7.4958750986325485e+03   1.3845608377521359e+04   1.2325661338769407e+04   0.0000000000000000e+00   0.0000000000000000e+00
   1.7834263482886839e+04  -2.1323812402020831e+04  -1.3900698920137775e+04  -4.0748425868538779e+03  -2.1807009671456552e+04  -1.6505152853277992e+04   2.0331051339751415e+04   7.6772726085200120e+03   1.3700977695280815e+04   1.2486337691268876e+04   0.0000000000000000e+00   0.0000000000000000e+00
   1.7937575935645858e+04  -2.1277573065151875e+04  -1.4046392701025266e+04  -3.8847040490743316e+03  -2.1791314130841198e+04  -1.6378110377374200e+04   7.8580694446531788e+03   1.3555285909806245e+04   0.0000000000000000e+00   0.0000000000000000e+00   0.0000000000000000e+00   0.0000000000000000e+00
  -2.1229759371169490e+04  -1.4191006623766905e+04  -4.4990981552022549e+03  -3.6942696582522613e+03  -2.1773915791167172e+04  -1.6249801264824593e+04   8.0382512078633827e+03   1.3408543853326546e+04   0.0000000000000000e+00   0.0000000000000000e+00   0.0000000000000000e+00   0.0000000000000000e+00
  -1.9749735537317760e+04  -2.1180374688727552e+04  -1.4334529493727652e+04  -4.6858341839306240e+03  -3.5035539521568471e+03  -2.1754815872832631e+04  -1.6120235389287573e+04   8.2178035364120969e+03   1.3260762449791904e+04   0.0000000000000000e+00   0.0000000000000000e+00   0.0000000000000000e+00
  -1.9822580492454934e+04  -2.1129422499418572e+04  -1.4476950198919696e+04  -4.8722170645746082e+03  -3.3125714863325957e+03  -2.1734015732049415e+04  -1.5989422723334867e+04   8.3967121072179179e+03   1.3111952714146035e+04   0.0000000000000000e+00   0.0000000000000000e+00   0.0000000000000000e+00
  -1.9893893088150489e+04  -2.1076906397598388e+04  -1.4618257710885895e+04  -5.0582327262014041e+03  -3.1213368329948471e+03  -2.1711516860763903e+04  -1.5857373337665165e+04   1.2962125751590544e+04   0.0000000000000000e+00   0.0000000000000000e+00   0.0000000000000000e+00   0.0000000000000000e+00
  -1.9963668182668298e+04  -2.1022830090199826e+04  -1.4758441085580920e+04  -5.2438671232923843e+03  -2.9298645799302167e+03  -2.1687320886575671e+04  -1.5724097400317973e+04   1.2811292756838173e+04   0.0000000000000000e+00   0.0000000000000000e+00   0.0000000000000000e+00   0.0000000000000000e+00
  -2.0031900756602168e+04  -1.1208022298184183e+04  -2.0967197396539792e+04  -1.4897489464246242e+04  -5.4291062367593195e+03  -2.7381693293969224e+03  -2.1661429572644403e+04  -1.5589605175879025e+04   0.0000000000000000e+00   0.0000000000000000e+00   0.0000000000000000e+00   0.0000000000000000e+00
  -2.0098585913155923e+04  -1.1043784284241503e+04  -2.0910012248119951e+04  -1.5035392074278725e+04  -5.6139360749593452e+03  -2.5462656970251710e+03  -2.1633844817584450e+04  -1.5453907024677646e+04   0.0000000000000000e+00   0.0000000000000000e+00   0.0000000000000000e+00   0.0000000000000000e+00
  -2.0163718878412961e+04  -1.0878670588382276e+04  -2.0851278688420811e+04  -1.5172138230092956e+04  -5.7983426747087160e+03  -2.3541683107175768e+03  -2.1604568655347361e+04  -1.5317013401975842e+04  -1.6407110507548859e+04   0.0000000000000000e+00   0.0000000000000000e+00   0.0000000000000000e+00
  -2.0227295001594914e+04  -1.0712694425581789e+04  -2.0791000872689317e+04  -1.5307717333977047e+04  -5.9823121022951082e+03  -2.1618918095497825e+03  -2.1573603255092246e+04  -1.5178934857149283e+04  -1.6285488228257502e+04  -2.0284371731824122e+04   0.0000000000000000e+00   0.0000000000000000e+00
  -2.0289309755309889e+04  -1.0545869077760415e+04  -2.0729183067719940e+04  -1.5442118876941955e+04  -6.1658304544885796e+03  -1.9694508426712919e+03  -2.1540950921044085e+04  -1.5039682032860317e+04  -1.6162627514668806e+04  -2.0355775334467744e+04  -2.0728290520906190e+04   0.0000000000000000e+00
  -2.0349758735790012e+04  -1.0378207892583430e+04  -2.0665829651629112e+04  -1.5575332439564116e+04  -6.3488838595510169e+03  -1.7768600682066428e+03  -2.1506614092339772e+04  -1.4899265664223052e+04  -1.6038537595339138e+04  -2.0425612216694757e+04  -2.0676452186358641e+04   0.0000000000000000e+00
  -2.0408637663118312e+04  -1.0209724282255613e+04  -2.0600945113623242e+04  -1.5707347692821540e+04  -6.5314584782440616e+03  -1.5841341521569548e+03  -2.1470595342862227e+04  -1.4757696577960411e+04  -1.5913227793372151e+04  -2.0493877274342620e+04  -2.0623043991683156e+04   0.0000000000000000e+00
  -2.0465942381445060e+04  -1.0040431722310797e+04  -2.0534534053760020e+04  -1.5838154398923018e+04  -6.7135405048354269e+03  -2.1432897381062252e+04  -1.4614985691553517e+04  -1.5786707525760801e+04  -2.0560565526493563e+04  -2.0568069637519115e+04   0.0000000000000000e+00   0.0000000000000000e+00
  -2.0521668859193622e+04  -9.8703437503966215e+03  -2.0466601182703347e+04  -1.5967742412130581e+04  -6.8951161681035519e+03  -2.1393523049768315e+04  -1.4471144012383231e+04  -1.5658986302721998e+04  -2.0625672115777805e+04  -2.0511532944122468e+04  -1.6082505317396104e+04   0.0000000000000000e+00
  -2.0575813189245986e+04  -9.6994739650713564e+03  -2.0397151321474546e+04  -1.6096101679577074e+04  -7.0761717323381472e+03  -2.1352475325978725e+04  -1.4326182636860380e+04  -1.5530073727028321e+04  -2.0689192308672184e+04  -2.0453437851187860e+04  -1.6216905338530129e+04   0.0000000000000000e+00
  -2.0628371589138897e+04  -9.5278360245592648e+03  -2.0326189401190342e+04  -1.6223222242072272e+04  -7.2566934983441961e+03  -2.1309757320653738e+04  -1.4180112749556383e+04  -1.5399979493322910e+04  -2.0751121495775995e+04  -2.0393788417670850e+04  -1.6350073614982712e+04   0.0000000000000000e+00
  -2.0679340401262823e+04  -9.3554436454773713e+03  -2.0253720462789785e+04  -1.6349094234899043e+04  -7.4366678044474183e+03  -2.1265372278503593e+04  -1.4032945622331563e+04  -1.5268713387421330e+04  -2.0811455192068315e+04  -2.0332588821606743e+04  -1.6482000150124673e+04   0.0000000000000000e+00
  -2.0728716092981347e+04  -9.1823106016810270e+03  -2.0179749656777156e+04  -1.6473707888617246e+04  -7.6160810274806145e+03  -1.1647107778872454e+04  -2.1219323577724106e+04  -1.3884692613429394e+04  -1.5136285285637143e+04  -2.0870189037197073e+04  -2.0269843359890987e+04  -1.6612675042733827e+04
  -2.0776495256802118e+04  -9.0084507229949941e+03  -2.0104282242937923e+04  -1.6597053529847144e+04  -7.7949195837834932e+03  -1.1805737785541443e+04  -2.1171614729756348e+04  -1.3735365166587177e+04  -1.5002705154072544e+04  -2.0927318795720264e+04  -2.0205556448077037e+04  -1.6742088487683093e+04
  -2.0822674610519625e+04  -8.8338778939721633e+03  -2.0027323590053897e+04  -1.6719121582049287e+04  -7.9731699301960725e+03  -1.1963487630802816e+04  -2.1122249379024059e+04  -1.3584974810132702e+04  -1.4867983047909836e+04  -2.0982840357347668e+04  -2.0139732620157487e+04  -1.6870230776629211e+04
  -2.0867250997347699e+04  -8.6586060526484434e+03  -1.9948879175611757e+04  -1.6839902566297140e+04  -8.1508185650499363e+03  -1.2120345575207215e+04  -2.1071231302658813e+04  -1.3433533156073532e+04  -1.4732129110695831e+04  -2.1036749737172344e+04  -2.0072376528336317e+04  -1.6997092298693969e+04
  -2.0910221386041507e+04  -8.4826491892939484e+03  -1.9868954585504904e+04  -1.6959387102042205e+04  -8.3278520291573732e+03  -1.2276299944524380e+04  -2.1018564410213417e+04  -1.3281051899179327e+04  -1.4595153573619153e+04  -2.1089043075892005e+04  -2.0003492942791814e+04  -1.7122663541137983e+04
  -2.0951582871009225e+04  -8.3060213451608161e+03  -1.9787555513728603e+04  -1.7077565907871714e+04  -1.2431339130536231e+04  -2.0964252743363249e+04  -1.3127542816056868e+04  -1.4457066754780655e+04  -2.1139716640020040e+04  -1.9933086751430623e+04  -1.7246935090026847e+04   0.0000000000000000e+00
  -2.0991332672413584e+04  -8.1287366112275722e+03  -1.9704687762068497e+04   2.2534637777267135e+03  -1.2585451591825800e+04  -2.0908300475595606e+04  -1.2973017764218301e+04  -1.4317879058456794e+04  -2.1188766822086513e+04  -1.9861162959632504e+04  -1.7369897630889795e+04   0.0000000000000000e+00
  -2.1029468136262873e+04  -7.9508091269403612e+03  -1.9620357239782446e+04   2.4419298763465213e+03  -1.2738625854561982e+04  -2.0850711911887043e+04  -1.4177600974356070e+04  -2.1236190140828869e+04  -1.9787726689986041e+04  -1.7491541949370858e+04   0.0000000000000000e+00   0.0000000000000000e+00
  -2.1065986734491911e+04  -7.7722530789511829e+03  -1.9534569963275575e+04   5.4530944783354180e+03   2.6302115215070803e+03  -1.2890850513280126e+04  -2.0791491488369007e+04  -1.4036243076868688e+04  -2.1281983241372556e+04  -1.9712783182015119e+04  -1.7611858931872241e+04   0.0000000000000000e+00
  -2.1100886065032715e+04  -7.5930826998532011e+03   5.2663173858653190e+03   2.8182945049765976e+03  -1.3042114231658341e+04  -2.0730643771981369e+04  -1.3893816024309242e+04  -2.1326142895401328e+04  -1.9636337791896352e+04  -1.7730839566190189e+04   0.0000000000000000e+00   0.0000000000000000e+00
  -2.1134163851875026e+04  -7.4133122669133627e+03   5.0791326197903954e+03   3.0061646353382503e+03  -1.3192405743289526e+04  -1.3750330558152715e+04  -2.1368666001317764e+04  -1.9558395992167152e+04  -1.7848474942143039e+04   0.0000000000000000e+00   0.0000000000000000e+00   0.0000000000000000e+00
  -2.1165817945116687e+04   4.8915546650607375e+03   3.1938077390132044e+03  -1.3341713852449160e+04  -1.3605797502263646e+04  -2.1409549584393222e+04  -1.9478963371424707e+04  -1.7964756252191764e+04   0.0000000000000000e+00   0.0000000000000000e+00   0.0000000000000000e+00   0.0000000000000000e+00
  -2.1195846321016063e+04   4.7035980377698334e+03   3.3812096612885748e+03  -1.3490027434859916e+04  -1.3460227762118000e+04  -2.1448790796904366e+04  -1.9398045634019829e+04  -1.8079674792049012e+04   0.0000000000000000e+00   0.0000000000000000e+00   0.0000000000000000e+00   0.0000000000000000e+00
  -2.1224247082007943e+04   4.5152772839879835e+03   3.5683562673287811e+03  -1.3637335438449260e+04  -1.3313632324019687e+04  -2.1486386918267515e+04  -1.9315648599732642e+04  -1.8193221961288287e+04   0.0000000000000000e+00   0.0000000000000000e+00   0.0000000000000000e+00   0.0000000000000000e+00
  -2.1251018456692145e+04   1.1167846923345654e+04  -5.0198120325172131e+03   4.3266069785841082e+03   3.7552334431754339e+03  -1.3783626884101022e+04   1.5617718124397441e+04  -1.3166022254311400e+04  -2.1522335355167899e+04  -1.9231778203433332e+04  -1.8305389263950274e+04   0.0000000000000000e+00
  -2.1276158799900095e+04   1.1319645619107187e+04  -5.2044078806284660e+03   4.1376017240906440e+03   3.9418270967940298e+03  -1.3928890866411197e+04   1.5477373253623718e+04  -1.3017408698574280e+04  -2.1556633641652625e+04  -1.9146440494763025e+04  -1.8416168309115714e+04   0.0000000000000000e+00
  -2.1299666592672613e+04   1.1470549662121881e+04  -5.3886072436813520e+03   3.9482761495251370e+03   4.1281231590748512e+03  -1.4073116554431519e+04   1.5335813028318335e+04  -1.2867802880825104e+04  -2.1589279439237333e+04  -1.9059641637778939e+04  -1.8525550811493438e+04   0.0000000000000000e+00
  -2.1321540442250283e+04   1.1620547072879679e+04  -5.5723960905203176e+03   3.7586449092212583e+03   4.3141075848442060e+03  -1.4216293192410745e+04   1.5193048325365999e+04  -1.2717216102705872e+04  -2.1620270536995900e+04  -1.8971387910598030e+04  -1.8633528591993934e+04   0.0000000000000000e+00
  -2.1341779082053992e+04   1.1769625944424022e+04  -5.7557604211879161e+03   3.5687226816575562e+03   4.4997663538735505e+03  -1.4358410100531397e+04   1.5049090122948155e+04  -1.2565659742666870e+04  -2.1649604851640255e+04  -1.8881685705031105e+04  -1.8740093578295102e+04   0.0000000000000000e+00
  -2.1360381371655647e+04   1.1917774443397488e+04  -5.9386862679748529e+03   3.3785241682841638e+03   4.6850854718863548e+03  -1.4499456675642055e+04   1.4903949499693366e+04   2.1966568040003320e+04  -1.2413145255143427e+04  -2.1677280427590256e+04  -1.8790541526207839e+04  -1.8845237805400018e+04
  -2.1377346296738997e+04   1.2064980811080861e+04  -6.1211596964675582e+03   3.1880640923474953e+03   4.8700509715626749e+03  -1.4639422391984925e+04   1.4757637633817234e+04   2.1995652808217885e+04  -1.2259684169726203e+04  -2.1703295437033525e+04  -1.8697961992192395e+04  -1.8948953416186690e+04
  -2.1392672969050880e+04   1.2211233364425345e+04  -6.3031668065933291e+03   2.9973571977130637e+03   5.0546489135414104e+03  -1.4778296801918892e+04   1.4610165802251566e+04   2.2023129194485420e+04  -2.1727648179975426e+04  -1.8603953833589741e+04  -1.9051232661950027e+04   0.0000000000000000e+00
  -2.1406360626342565e+04   1.2356520497077827e+04  -6.4846937336628871e+03   2.8064182476865185e+03   5.2388653874201227e+03  -1.4916069536637913e+04   1.4461545379763240e+04   2.2048995036799439e+04  -1.8508523893142716e+04  -1.9152067902935705e+04   0.0000000000000000e+00   0.0000000000000000e+00
  -2.1418408632301642e+04   1.2500830680399093e+04  -6.6657266494103060e+03   2.6152620238330242e+03   5.4226865127524070e+03  -1.5052730306884685e+04   1.4311787838062479e+04   2.2073248284996451e+04  -1.8411679125319715e+04  -1.9251451608865969e+04   0.0000000000000000e+00   0.0000000000000000e+00
   1.2644152464474893e+04  -6.8462517630302027e+03   2.4239033247950565e+03   5.6060984400427578e+03  -1.5188268903659671e+04   1.4160904744900907e+04   2.2095887000929684e+04   1.9439877078428770e+04  -1.8313426595893121e+04  -1.9349376359457532e+04   0.0000000000000000e+00   0.0000000000000000e+00
   1.2786474479119614e+04  -7.0262553222122224e+03   2.2323569651087614e+03   5.7890873517388254e+03  -1.5322675198925301e+04   1.4008907763159237e+04   2.2116909358637480e+04   1.9355518026343325e+04  -1.8213773481508320e+04   0.0000000000000000e+00   0.0000000000000000e+00   0.0000000000000000e+00
   1.2927785434872671e+04  -7.2057236141725771e+03   2.0406377740189498e+03   5.9716394632210722e+03  -1.5455939146305518e+04   1.3855808649924824e+04   2.2136313644506306e+04   1.9269683209419698e+04  -1.8112727069243509e+04   0.0000000000000000e+00   0.0000000000000000e+00   0.0000000000000000e+00
   1.3068074123995886e+04  -7.3846429666841532e+03   1.8487605942884172e+03   6.1537410237820068e+03  -1.5588050781780958e+04   1.3701619255568437e+04   2.2154098257425612e+04   1.9182379246486336e+04  -1.8010294756157295e+04   0.0000000000000000e+00   0.0000000000000000e+00   0.0000000000000000e+00
   2.1394767271973047e+04   1.3207329421444403e+04   1.6567402810158053e+03   6.3353783176195138e+03  -1.5719000224378118e+04   1.3546351522790505e+04   2.2170261708943548e+04   1.9093612867185129e+04  -1.7906484048833066e+04   0.0000000000000000e+00   0.0000000000000000e+00   0.0000000000000000e+00
   2.1355696634108153e+04   1.3345540285817560e+04   1.4645917004587084e+03   6.5165376648383135e+03   1.3390017485644117e+04   2.2184802623420979e+04   1.9003390911433442e+04  -1.7801302562918012e+04   0.0000000000000000e+00   0.0000000000000000e+00   0.0000000000000000e+00   0.0000000000000000e+00
   2.1314911356707675e+04   1.3482695760364510e+04   1.2723297288237677e+03   6.6972054223926925e+03   1.3232629268616116e+04   2.2197719738160133e+04   1.8911720328907297e+04   0.0000000000000000e+00   0.0000000000000000e+00   0.0000000000000000e+00   0.0000000000000000e+00   0.0000000000000000e+00
   2.1272415280556052e+04   1.3618784973925691e+04   1.0799692510847296e+03   6.8773679850764147e+03   1.3074199085637449e+04   2.2209011903545750e+04   1.8818608178490598e+04   0.0000000000000000e+00   0.0000000000000000e+00   0.0000000000000000e+00   0.0000000000000000e+00   0.0000000000000000e+00
   2.1228212387335956e+04   1.3753797141882196e+04   1.9215890654986542e+04   8.8752515979157715e+02   7.0570117864953736e+03   1.2914739239101145e+04   2.2218678083175757e+04   1.8724061627724030e+04   0.0000000000000000e+00   0.0000000000000000e+00   0.0000000000000000e+00   0.0000000000000000e+00
   2.1182306799081431e+04   1.3887721567096958e+04   1.9314874041706444e+04   6.9501235387905922e+02   7.2361233000371940e+03   1.2754262118870818e+04   2.2226717353986332e+04   1.8628087952246209e+04   0.0000000000000000e+00   0.0000000000000000e+00   0.0000000000000000e+00   0.0000000000000000e+00
   2.1134702777617538e+04   1.4020547640847564e+04   1.9412448822991886e+04   5.0244573747473612e+02   7.4146890398377909e+03   1.6090439769887849e+04   1.2592780201279460e+04   2.2233128906371552e+04   1.8530694535226929e+04   0.0000000000000000e+00   0.0000000000000000e+00   0.0000000000000000e+00
   2.1085404723986394e+04   1.4152264843750641e+04   1.9508608380332007e+04   3.0984021870664145e+02   7.5926955617447711e+03   1.6220121478090230e+04   1.2430306048118908e+04   2.2237912044297667e+04   1.8431888866792866e+04   1.9163803419517368e+04   0.0000000000000000e+00   0.0000000000000000e+00
   2.1034417177859930e+04   1.4282862746677683e+04   1.9603346197881718e+04   1.1721070851066703e+02   7.7701294642776775e+03   1.6348509542051685e+04   1.2266852305619932e+04   2.2241066185411488e+04   1.8331678543445505e+04   1.9073637003594013e+04   1.9791783896096764e+04   2.1343406637958673e+04
   2.0981744816939561e+04   1.4412331011662201e+04   1.9696655862720410e+04  -7.5427880562210476e+01   7.9469773895849739e+03   1.6475593355132271e+04   1.2102431703423006e+04   2.2242590861143668e+04   1.8230071267471536e+04   1.8982027211823955e+04   1.9716224702479794e+04   2.1363785572101613e+04
   2.0927392456342764e+04   1.4540659392798141e+04   1.9788531065104784e+04   8.1232260243977817e+03   1.6601362413082279e+04   1.1937057053540002e+04   2.2242485716806037e+04   1.8127074846345662e+04   1.8888981166577156e+04   1.9639174784131632e+04   2.1382553350315531e+04   0.0000000000000000e+00
   2.0871365047976633e+04   1.4667837737129390e+04   1.9878965598715775e+04   8.2988621009802155e+03   1.6725806315096346e+04   1.1770741249306755e+04   2.2240750511683676e+04   1.8022697192125866e+04   1.8794506095669971e+04   1.9560639554262714e+04   2.1399708499297896e+04   0.0000000000000000e+00
   2.0813667679898885e+04   1.4793855985530323e+04   1.9967953360899650e+04   8.4738723980764116e+03   1.6848914764859041e+04   1.1603497264326679e+04   2.2237385119121038e+04   1.7916946320841231e+04   1.8698609331783384e+04   1.9480624540050689e+04   2.1415249665337826e+04   0.0000000000000000e+00
   2.0754305575666105e+04   1.4918704173577227e+04   2.0055488352903390e+04   8.6482437418540030e+03   1.6970677571581691e+04   1.1435338151405491e+04   2.2232389526602794e+04   1.7809830351872344e+04   1.8601298311874558e+04   1.9399135382365363e+04   2.1429175614431100e+04   0.0000000000000000e+00
   2.0693284093666174e+04   1.5042372432398306e+04   2.0141564680107818e+04   1.3769804349390713e+04   8.8219630068491042e+03   1.7091084651020978e+04   1.1266277041469060e+04   2.2225763835832058e+04   1.7701357507318877e+04   1.8502580576582921e+04   1.9316177835488132e+04   2.1441485232395047e+04
   2.0630608726445655e+04   1.5164850989541270e+04   2.0226176552247205e+04   1.3624144574280341e+04   8.9950171168969937e+03   1.7210126026508646e+04   1.1096327142490376e+04   2.2217508262795840e+04   1.7591536111371704e+04   1.8402463769627237e+04   1.9231757766815979e+04   2.1452177524958399e+04
   2.0566285100029971e+04   1.5286130169848933e+04   2.0309318283618417e+04   1.3477459876812825e+04   9.1673930460523370e+03   1.7327791829984915e+04   1.0925501738419536e+04   2.2207623137819937e+04   1.7480374589685332e+04   1.8300955637194715e+04   1.9145881156551939e+04   2.1461251617832124e+04
   2.0500318973206897e+04   1.5406200396236212e+04   2.0390984293309888e+04   1.3329761319751744e+04   9.3390778195410712e+03   1.7444072302955832e+04   2.2196108905642428e+04   1.7367881468703974e+04   1.8198064027331595e+04   1.9058554097410226e+04   2.1468706756828677e+04   0.0000000000000000e+00
   2.0432716236820095e+04   1.5525052190537479e+04   2.0471169105402030e+04   1.3181060040268392e+04   1.7558957797500902e+04   2.2182966125459607e+04   1.7254065375015616e+04   1.8093796889320176e+04   1.8969782794291783e+04   2.1474542307922620e+04   0.0000000000000000e+00   0.0000000000000000e+00
   2.0363482913044922e+04   1.5642676174321490e+04   2.0549867349168784e+04   1.3031367249138333e+04   8.4406294467315129e+03   1.7672438777253741e+04   8.5682136705295979e+03   2.2168195470972445e+04   1.7138935034688860e+04   1.7988162273051650e+04   1.8879573563957059e+04   2.1478757757317620e+04
   2.0292625154652153e+04   1.5759063069696467e+04   2.0627073759273502e+04   1.2880694229933233e+04   8.6190844147912467e+03   1.7784505818372949e+04   8.3990265752790528e+03   2.2151797730427141e+04   1.7022499272602668e+04   1.7881168328392516e+04   1.8787932834689807e+04   2.1481352711505537e+04
   2.0220149244260800e+04   1.5874203700105400e+04   2.0702783175959448e+04   1.2729052338207986e+04   8.7968873700083986e+03   1.7895149610502896e+04   8.2292000408164422e+03   2.2133773806649901e+04   1.6904767011769178e+04   1.7772823304544771e+04   1.8694867145952419e+04   2.1482326897317340e+04
   2.0146061593579267e+04   1.5988088991111448e+04   2.0776990545234941e+04   1.2576453000683199e+04   8.9740249131655455e+03   1.8004360957724282e+04   8.0587472070955118e+03   2.2114124717075942e+04   1.6785747272649427e+04   1.7663135549400082e+04   1.8600383148032080e+04   2.1481680161965956e+04
   2.0070368742635568e+04   1.6100709971173246e+04   2.0849690919052828e+04   1.2422907714423050e+04   9.1504836968027048e+03   1.8112130779494266e+04   7.8876812526180429e+03   2.2092851593772528e+04   1.6665449172462249e+04   1.7552113508887593e+04   1.8504487601678356e+04   2.1479412473081149e+04
   1.9993077358996510e+04   1.6212057772410177e+04   2.0920879455484952e+04   1.2268428046008647e+04   9.3262504261739159e+03   1.8218450111576236e+04   7.7160153933943911e+03   1.6543881924486286e+04   1.7439765726315833e+04   1.8407187377731861e+04   2.1475523918736239e+04   0.0000000000000000e+00
   1.9914194236976080e+04   2.0990551418890987e+04   1.2113025630706825e+04   9.5013118601994884e+03   1.8323310106958692e+04   7.5437628819039601e+03   1.6421054837355117e+04   1.7326100841708485e+04   1.8308489456743864e+04   2.1470014707466693e+04   0.0000000000000000e+00   0.0000000000000000e+00
   1.9833726296833152e+04   4.7459346439267238e+03   2.1058702180082153e+04   1.1956712171634501e+04   9.6756548124139390e+03   1.8426702036763487e+04   7.3709370060557976e+03   1.7211127591134235e+04   1.8208400928587358e+04   2.1462885168280736e+04   0.0000000000000000e+00   0.0000000000000000e+00
   1.9751680583958801e+04   4.5640464816913955e+03   2.1125327216479611e+04   1.1799499438918639e+04   9.8492661519096164e+03   1.8528617291142873e+04   7.1975510881493174e+03   8.8211039856639354e+02   1.7094854806030664e+04   1.8106928992058845e+04   2.1454135750661724e+04   0.0000000000000000e+00
   1.9668064268053033e+04   4.3818130146639314e+03   2.1190422112267654e+04   1.1641399268851845e+04   1.0022132804275827e+04   1.8629047380165721e+04   7.0236184838353256e+03   6.9309464703657522e+02   1.6977291412522311e+04   1.8004080954471519e+04   2.1443767024562465e+04   0.0000000000000000e+00
   1.9582884642296660e+04   4.1992479885865559e+03   2.1253982558541571e+04   1.1482423563043361e+04   1.0194241752528447e+04   1.8727983934699565e+04   6.8491525810711064e+03   5.0402370693114506e+02   1.6858446430729669e+04   1.7899864231233751e+04   2.1431779680383122e+04   0.0000000000000000e+00
   4.0163651774344298e+03   2.1316004353450633e+04   1.1322584287566398e+04   1.0365580038046064e+04   1.8825418707265253e+04   6.6741667990894766e+03   3.1491262353692332e+02   1.6738328974079392e+04   1.7794286345430861e+04   2.1418174528959073e+04   0.0000000000000000e+00   0.0000000000000000e+00
   3.8331783824207168e+03   2.1376483402336216e+04   1.1161893472101548e+04   1.0536134761508838e+04   1.8921343572869209e+04   6.4986745873770378e+03  -1.5751261480061887e+04   1.2577645391729594e+02   1.6616948248613473e+04   1.7687354927405835e+04   2.1402952501552292e+04   0.0000000000000000e+00
   3.6497014310072009e+03   2.1435415717863809e+04   1.1000363209074276e+04   1.0705893083795750e+04   1.9015750529878180e+04   6.3226894246082156e+03  -1.5616392264499735e+04  -6.3369734454397090e+01   1.6494313552269272e+04   1.7579077714290641e+04   2.1386114649774714e+04   0.0000000000000000e+00
   3.4659481759044279e+03   1.0838005652789829e+04   1.0874842226910318e+04   1.9108631700833677e+04   6.1462248176201392e+03  -1.5480300999669764e+04  -2.5251086501793648e+02   1.6370434274175082e+04   1.7469462549564898e+04   2.1367662145557093e+04   0.0000000000000000e+00   0.0000000000000000e+00
   2.3971484589363822e+03   3.2819324940711772e+03   1.0674833018563744e+04   1.1042969474892083e+04   1.9199979333268133e+04   5.9692943003766695e+03  -1.5342998393657044e+04  -4.4163185346645469e+02   1.6245319893933838e+04   1.7358517382595066e+04   2.1347596281094473e+04   0.0000000000000000e+00
   2.5875896300112499e+03   3.0976682857111732e+03  -1.7230022455144492e+04   1.0510857581848182e+04   1.1210262174723361e+04   1.9289785800509027e+04   5.7919114329332870e+03  -1.5204495250302503e+04  -6.3071760909014768e+02   1.6118979980901646e+04   1.7246250268164706e+04   2.1325918468783366e+04
   2.7778290477984301e+03   2.9131694732670794e+03  -1.7347689503776284e+04   1.0346091677354414e+04   1.1376707737231096e+04   5.6140898004028159e+03  -1.5064802468285239e+04  -8.1975303612328560e+02   1.5991424193460665e+04   1.7132669365995753e+04   2.1302630241150859e+04   0.0000000000000000e+00
   2.9678519449842097e+03   2.7284500004118622e+03  -1.7464038087861209e+04   1.0180547698171262e+04   1.1542293637983910e+04   5.4358430119220775e+03  -1.4923931040196585e+04  -1.0087230350943780e+03   1.5862662278286647e+04   1.7017782940260764e+04   2.1277733250775440e+04   0.0000000000000000e+00
   3.1576435802816313e+03   2.5435238310375566e+03  -1.7579059180919950e+04   1.0014238094879824e+04   1.1707007418184166e+04   5.2571846996195491e+03  -1.4781892051606177e+04  -1.1976125041793084e+03   1.5732704069611122e+04   1.6901599359086096e+04   2.1251229270199765e+04   0.0000000000000000e+00
   3.3471892396125218e+03   2.3584049482415026e+03  -1.7692743854137389e+04   9.8471753746642062e+03   1.1870836685555061e+04  -2.1540941318411078e+04   5.0781285175841276e+03  -1.4638696680119929e+04  -1.3864063405572729e+03   1.5601559488478288e+04   1.6784127094046140e+04   2.1223120191835147e+04
   3.5364742372843366e+03   2.1731073533101180e+03  -1.7805083277080474e+04   9.6793721004185936e+03   1.2033769115222745e+04  -2.1562944882326639e+04   4.8986881408350037e+03  -1.4494356194430222e+04  -1.5750894417693689e+03   1.5469238541996705e+04   1.6665374719648462e+04   2.1193408027857811e+04
   3.7254839171617477e+03   1.9876450647002673e+03  -1.7916068718409984e+04   9.5108408898505550e+03   1.2195792450593284e+04  -2.1583283190598366e+04   4.7188772642927806e+03  -1.4348881953358208e+04  -1.7636467070796259e+03   1.5335751322585711e+04   2.1162094910097148e+04   0.0000000000000000e+00
   3.9142036538328430e+03   1.8020321170182901e+03  -1.8025691546585720e+04   9.3415944145806734e+03   1.2356894504224589e+04  -2.1601954622649399e+04   4.5387096017518807e+03  -1.4202285404888558e+04  -1.9520630388383613e+03   1.5201108007216832e+04   2.1129183089915550e+04   0.0000000000000000e+00
   4.1026188537698927e+03   1.6162825599967352e+03  -1.8133943230565310e+04   9.1716453992385505e+03   1.2517063158693110e+04  -2.1618957687565598e+04   4.3581988848543160e+03  -1.4054578085196488e+04  -2.1403233438476223e+03   1.5065318856649956e+04   2.1094674938080188e+04   0.0000000000000000e+00
   4.2907149564817973e+03   1.4304104574675964e+03  -1.8240815340491456e+04   9.0010066205556504e+03   1.2676286367460585e+04  -2.1634291024223676e+04   4.1773588620686660e+03  -1.3905771617666989e+04  -2.3284125347249251e+03   1.4928394214668884e+04  -1.1367371704466785e+04   0.0000000000000000e+00
   4.4784774356668277e+03   1.2444298863362133e+03  -1.8346299548383595e+04   8.8296909064537231e+03   1.2834552155724112e+04  -2.1647953401419032e+04   3.9962032976622622e+03  -1.3755877711907642e+04  -2.5163155312767626e+03   1.4790344507302505e+04  -1.1204592445076520e+04  -2.0704653072350571e+04
   4.6658918003634180e+03   1.0583549355549146e+03  -1.8450387628829940e+04   8.6577111351292606e+03   1.2991848621253519e+04  -2.1659943717990154e+04   3.8147459706694990e+03  -1.3604908162754788e+04  -2.7040172618789170e+03   1.4651180242035047e+04  -1.1040968240411850e+04  -2.0641804273669833e+04
   4.8529435960755154e+03   8.7219970508525955e+02  -1.8553071459636511e+04   8.4850802341372910e+03   1.3148163935261227e+04  -2.1670261002897438e+04   3.6330006738893831e+03  -1.3452874849269310e+04  -2.8915026648315852e+03  -1.0876511187408563e+04  -2.0577388820297816e+04   0.0000000000000000e+00
   6.8597830486672433e+02  -1.8654343022501893e+04   8.3118111794693250e+03  -2.1678904415322737e+04   3.4509812128600433e+03  -1.3299789733728285e+04  -3.0787566897395805e+03  -2.2286165346015096e+04  -1.0711233451964647e+04  -2.0511411841969311e+04   0.0000000000000000e+00   0.0000000000000000e+00
   4.9970485378109498e+02  -1.8754194403675996e+04   8.1379169946286611e+03  -2.1685873244749342e+04   3.2687014048420065e+03  -1.3145664860608895e+04  -3.2657642988867951e+03  -2.2299188572366358e+04  -1.0545147268141418e+04  -2.0443878584204293e+04   0.0000000000000000e+00   0.0000000000000000e+00
   3.1339347861501454e+02  -1.8852617794611797e+04   7.9634107497024506e+03  -2.1691166911031320e+04   3.0861750778033215e+03  -1.2990512355565492e+04  -3.4525104686115169e+03  -2.2310526591182581e+04  -1.0378264937357972e+04  -2.0374794407850233e+04   0.0000000000000000e+00   0.0000000000000000e+00
   1.2705831302078852e+02  -1.8949605492610186e+04   7.7883055604305328e+03  -2.1694784964452414e+04   2.9034160694065276e+03  -1.2834344424400006e+04  -3.6389801906824564e+03  -2.2320178587257080e+04  -1.0210598827578931e+04  -2.0304164788616919e+04   0.0000000000000000e+00   0.0000000000000000e+00
  -5.9286503524529572e+01  -1.9045149901457666e+04  -2.1696727085774088e+04   2.7204382259975755e+03  -1.2677173352025678e+04  -3.8251584736752684e+03  -2.2328143871082593e+04  -1.0042161372495590e+04  -2.0231995316603588e+04   0.0000000000000000e+00   0.0000000000000000e+00   0.0000000000000000e+00
  -2.4562682676167810e+02  -1.9139243532057171e+04  -2.1696993086273113e+04   2.5372554015967294e+03  -1.2519011501424351e+04  -4.0110303443494299e+03  -2.2334421878889269e+04  -9.8729650707003711e+03  -2.0158291695818592e+04   0.0000000000000000e+00   0.0000000000000000e+00   0.0000000000000000e+00
  -2.0826247993801237e+04  -4.3194850869327325e+02  -1.9231879003051556e+04  -2.1695582907768447e+04   2.3538814568915009e+03  -1.2359871312597439e+04  -4.1965808490252211e+03  -2.2339012172674102e+04  -9.7030224848547641e+03  -2.0083059743691538e+04   0.0000000000000000e+00   0.0000000000000000e+00
  -2.0880756944158915e+04  -6.1823739862941750e+02  -1.9323049041439950e+04  -1.9190396202107357e+04  -2.1692496622637475e+04  -1.2199765301510530e+04  -4.3817950549607058e+03  -2.2341914440221779e+04  -9.5323462408506184e+03  -2.0006305390578076e+04   0.0000000000000000e+00   0.0000000000000000e+00
  -2.0933701820599930e+04  -1.9412746483186871e+04  -1.9106104476909932e+04  -2.1687734433821617e+04  -1.2038706059031918e+04  -4.5666580517284765e+03  -2.2343128495116856e+04  -9.3609490269649268e+03  -1.9928034679257195e+04   0.0000000000000000e+00   0.0000000000000000e+00   0.0000000000000000e+00
  -2.0985078443387949e+04  -1.9500964273823964e+04  -1.9020370655202438e+04  -1.6382443936243601e+04  -2.1681296674821249e+04  -1.1876706249865132e+04  -4.7511549525919709e+03  -2.2342654276747529e+04  -9.1888435930080759e+03  -1.9848253764421304e+04   0.0000000000000000e+00   0.0000000000000000e+00
  -2.1034882746476018e+04  -1.9587695469044345e+04  -1.8933201511010353e+04  -1.6506783574024124e+04  -2.1673183809680057e+04  -1.1713778611475413e+04  -2.2340491850300667e+04  -1.9766968912159042e+04   0.0000000000000000e+00   0.0000000000000000e+00   0.0000000000000000e+00   0.0000000000000000e+00
  -2.1083110777854694e+04  -1.9672933235294659e+04  -1.8844603922168848e+04  -1.6629864780538526e+04  -2.1663396432964921e+04  -9.3926445355527630e+03  -1.1549935953011998e+04  -2.2336641406752551e+04  -1.9684186499432468e+04   0.0000000000000000e+00   0.0000000000000000e+00   0.0000000000000000e+00
  -2.1129758699891725e+04  -9.5002555055842568e+03  -1.9756670850348441e+04  -1.8754584869742230e+04  -1.6751678142195709e+04  -2.1651935269721496e+04  -9.5663085663191086e+03  -1.1385191154221484e+04  -2.2331103262841963e+04  -1.9599913013543464e+04   0.0000000000000000e+00   0.0000000000000000e+00
  -2.1174822789663824e+04  -9.3305392045175176e+03  -1.9838901703864707e+04  -1.8663151437439832e+04  -1.6872214341172908e+04  -2.1638801175409943e+04  -9.7392332296515069e+03  -1.1219557164353717e+04  -2.2323877861029043e+04  -1.9514155051590395e+04   0.0000000000000000e+00   0.0000000000000000e+00
  -2.1218299439286871e+04  -9.1600984784260345e+03  -1.9919619297975845e+04  -1.8570310811012117e+04  -1.6991464156103910e+04  -2.1623995135876183e+04  -9.9114051993387493e+03  -1.1053047001072380e+04  -2.2314965769475170e+04  -1.9426919319930450e+04   0.0000000000000000e+00   0.0000000000000000e+00
  -2.1260185156234522e+04  -8.9889464108100401e+03  -1.9998817247834686e+04  -1.8476070277653274e+04  -1.7109418462789563e+04  -2.1607518267271011e+04  -1.0082811209268641e+04  -2.2304367681987686e+04  -1.9338212633623534e+04   0.0000000000000000e+00   0.0000000000000000e+00   0.0000000000000000e+00
  -2.1300476563650998e+04  -8.8170961466990757e+03  -2.0076489282163388e+04  -1.8380437225394588e+04  -1.7226068234892799e+04  -2.1589371815970597e+04  -1.0253438054468834e+04  -2.2292084417963768e+04  -1.9248041915872553e+04   0.0000000000000000e+00   0.0000000000000000e+00   0.0000000000000000e+00
  -2.1339170400657153e+04  -8.6445608916372257e+03  -2.0152629243794348e+04  -1.8283419142491850e+04  -1.7341404544626657e+04  -2.1569557158486168e+04  -1.0423272592142113e+04  -2.2278116922325702e+04  -1.9156414197456728e+04   0.0000000000000000e+00   0.0000000000000000e+00   0.0000000000000000e+00
  -2.1376263522649424e+04  -8.4713539106613880e+03  -2.0227231090203350e+04  -1.8185023616807088e+04  -1.7455418563435069e+04  -2.1548075801363160e+04  -1.0592301742696151e+04  -2.2262466265447587e+04  -1.9063336616157954e+04   0.0000000000000000e+00   0.0000000000000000e+00   0.0000000000000000e+00
  -2.1411752901591550e+04  -8.2974885272728079e+03  -2.0300288894034849e+04  -1.8085258335184626e+04  -1.7568101562666507e+04  -2.1524929381069593e+04  -1.0760512490767560e+04   1.3836534868908527e+03  -2.2245133643073634e+04  -1.8968816416180573e+04   0.0000000000000000e+00   0.0000000000000000e+00
  -2.1445635626299481e+04  -8.1229781224018489e+03  -2.0371796843619173e+04  -1.7984131082821543e+04  -1.7679444914240335e+04  -2.1500119663873946e+04  -1.0927891886240219e+04   1.1870905038257947e+03  -2.2226120376227795e+04  -1.8872860947564226e+04   0.0000000000000000e+00   0.0000000000000000e+00
  -2.1477908902718962e+04  -7.9478361333661187e+03  -1.7881649742632555e+04  -1.7789440091305958e+04  -2.1473648545712382e+04  -1.1094427045257808e+04   9.9043348875670029e+02  -2.2205427911114984e+04  -1.8775477665590017e+04   0.0000000000000000e+00   0.0000000000000000e+00   0.0000000000000000e+00
  -2.1508570054195970e+04  -7.7720760528220508e+03  -1.7777822294609399e+04  -1.7898078668894446e+04  -2.1445518052045292e+04  -1.1260105151230335e+04   7.9369801814871312e+02  -2.2183057819013771e+04  -1.8676674130180108e+04   0.0000000000000000e+00   0.0000000000000000e+00   0.0000000000000000e+00
  -2.1537616521740074e+04  -7.5957114277100045e+03  -1.7672656815174723e+04  -1.8005352324563006e+04  -2.1415730337703273e+04  -1.1424913455834767e+04   5.9689967493608913e+02  -2.2159011796160488e+04  -1.8576458005290697e+04   0.0000000000000000e+00   0.0000000000000000e+00   0.0000000000000000e+00
  -2.1565045864280393e+04  -7.4187558581929625e+03  -1.7566161476530713e+04  -1.8111252839031775e+04  -2.1384287686722524e+04  -1.1588839280009546e+04   4.0005404716282300e+02  -2.2133291663624987e+04  -1.8474837058298363e+04   0.0000000000000000e+00   0.0000000000000000e+00   0.0000000000000000e+00
  -2.1590855758914404e+04  -7.2412229965889455e+03  -1.7458344546002238e+04  -1.8215772096813282e+04  -2.1351192512169735e+04  -1.1751870014942881e+04   2.0317672662277531e+02  -2.2105899367177775e+04   0.0000000000000000e+00   0.0000000000000000e+00   0.0000000000000000e+00   0.0000000000000000e+00
  -2.1615044001150236e+04  -7.0631265463018281e+03  -1.7349214385374984e+04  -1.8318902086838702e+04  -2.1316447355948309e+04  -1.1913993123053657e+04   6.2833074983505099e+00  -2.2076836977145391e+04   0.0000000000000000e+00   0.0000000000000000e+00   0.0000000000000000e+00   0.0000000000000000e+00
  -2.1637608505139811e+04  -6.8844802607359097e+03   8.9046350043934235e+03  -1.7238779450227983e+04  -1.8420634903066963e+04  -2.1280054888611430e+04  -1.2075196138968658e+04  -1.9061061499855504e+02  -2.2046106688264579e+04   0.0000000000000000e+00   0.0000000000000000e+00   0.0000000000000000e+00
  -2.1658547303903353e+04  -6.7052979421979016e+03   8.7318883599122873e+03  -1.7127048289260754e+04  -1.8520962745079963e+04  -2.1242017909175585e+04  -1.2235466670495214e+04  -3.8748944598402960e+02  -2.2013710819532880e+04   0.0000000000000000e+00   0.0000000000000000e+00   0.0000000000000000e+00
  -2.1677858549552708e+04  -6.5255934408265230e+03   8.5584777325220239e+03  -1.7014029543616478e+04  -1.8619877918701979e+04  -2.1202339344866679e+04  -1.2394792399578291e+04  -5.8433759226757297e+02   1.7921863876679992e+04   0.0000000000000000e+00   0.0000000000000000e+00   0.0000000000000000e+00
  -2.1695540513501601e+04  -6.3453806534861615e+03   8.3844163181274707e+03  -1.6899731946199136e+04  -1.8717372836582734e+04  -2.1161022250906721e+04  -1.2553161083259160e+04  -7.8113946370994393e+02   1.8029440341517391e+04   1.3676715712083193e+04   0.0000000000000000e+00   0.0000000000000000e+00
  -2.1711591586670151e+04  -6.1646735226633555e+03   8.2097173614036910e+03  -1.6784164320985910e+04  -1.8813440018781017e+04  -1.2710560554625104e+04  -9.7787947458262101e+02   1.8135656940310146e+04   1.3525126741248587e+04   0.0000000000000000e+00   0.0000000000000000e+00   0.0000000000000000e+00
  -2.1726010279681675e+04  -5.9834860353576223e+03   8.0343941548070798e+03  -1.6667335582334614e+04  -1.8908072093340277e+04  -1.2866978723752405e+04  -1.1745420449266173e+03   1.8240505600332999e+04   1.3372487969834065e+04   0.0000000000000000e+00   0.0000000000000000e+00   0.0000000000000000e+00
  -2.1738795223052075e+04  -5.8018322219667261e+03   7.8584600375831578e+03  -1.6549254734286340e+04  -1.9001261796856546e+04  -1.3022403578642543e+04  -1.3711116019105114e+03   1.8343978349705147e+04   1.3218811766697268e+04   0.0000000000000000e+00   0.0000000000000000e+00   0.0000000000000000e+00
  -2.1749945167371669e+04  -5.6197261551664669e+03   7.6819283947710001e+03  -1.6429930869863147e+04  -1.9093001975038333e+04  -1.3176823186151560e+04  -1.5675725811875234e+03   1.8446067317981597e+04   1.3064110569716906e+04   0.0000000000000000e+00   0.0000000000000000e+00   0.0000000000000000e+00
  -2.1759458983479228e+04  -5.4371819487851089e+03   7.5048126562044727e+03  -1.6309373170361067e+04  -1.9183285583258665e+04   2.2330833474384523e+04  -1.3330225692912483e+04  -1.7639094282514684e+03   1.8546764736738027e+04   6.2396805317939688e+03   1.2908396884650128e+04   1.7955248066971239e+04
  -2.1767335662628549e+04  -5.2542137566725260e+03   7.3271262955103230e+03  -1.6187590904638395e+04  -1.9272105687099101e+04   2.2306530027683519e+04  -1.3482599326250747e+04  -1.9601065997914527e+03   1.8646062940148800e+04   6.4239730190027421e+03   1.2751683283988265e+04   1.7841565307943689e+04
  -2.1773574316647271e+04  -5.0708357715641996e+03   7.1488828291031205e+03  -1.6064593428399234e+04  -1.9359455462885704e+04   2.2280623828579726e+04  -1.3633932395092494e+04  -2.1561485650451218e+03   1.8743954365558551e+04   6.6077695386908927e+03   1.2593982405811237e+04   1.7726549304606731e+04
  -2.1778174178087880e+04  -4.8870622239401127e+03   6.9700958151772329e+03  -1.5940390183472509e+04  -1.9445328198216957e+04   2.2253116751863290e+04  -1.3784213290865790e+04  -2.3520198071503219e+03   1.8840431554046841e+04   6.7910559328349018e+03   1.2435306952640651e+04   1.7610208179577246e+04
  -2.1781134600371170e+04  -4.7029073808787207e+03   6.7907788526958066e+03  -1.5814990697086390e+04  -1.9529717292483634e+04   2.2224010779852109e+04  -2.5477048244950174e+03   1.8935487150986231e+04   6.9738180849270175e+03   1.2275669690291883e+04   1.7492550157993210e+04   0.0000000000000000e+00
  -2.1782455057921619e+04  -4.5183855449060102e+03   6.6109455803768742e+03  -1.5688404581138211e+04  -1.9612616257380363e+04   2.2193308002275684e+04   2.1693072176960188e+04  -2.7431881320652778e+03   1.9029113906593397e+04   7.1560419210812643e+03   1.2115083446725075e+04   1.7373583567089372e+04
  -4.3335110528360465e+03   6.4306096756714005e+03  -1.5560641531459774e+04  -1.9694018717405801e+04   2.2161010616159281e+04   2.1692073713186648e+04  -2.9384542627913543e+03   1.9121304676474865e+04   7.3377134111364694e+03   1.1953561110893361e+04   1.7253316835765763e+04   0.0000000000000000e+00
  -4.1482982746151447e+03   6.2497848537500386e+03  -1.5431711327078639e+04   2.2127120925694177e+04   2.1689326130355395e+04  -3.1334877688912184e+03   1.9212052422162924e+04   7.5188185697528124e+03   1.1791115631594694e+04   1.7131758494146907e+04   0.0000000000000000e+00   0.0000000000000000e+00
