  -6.1209640014187956e+00
  -5.7680116337446181e+00
  -5.3857029439209292e+00
  -4.9759185264913635e+00
  -4.5406867443570293e+00
  -4.0821729964046920e+00
  -3.6026712011703657e+00
  -3.1045946649325082e+00
  -2.5904638873173349e+00
  -2.0628922348741630e+00
  -1.5245706738358731e+00
  -9.7825306097267284e-01
  -4.2674182869190880e-01
   1.2713019426294334e-01
   6.8051035628614365e-01
   1.2305453158190984e+00
   1.7743979185732359e+00
   2.3092640961242608e+00
   2.8323838252834839e+00
   3.3410664861834305e+00
   3.8327144102665072e+00
   4.3048130311687993e+00
   4.7549524500313280e+00
   5.1808493494547463e+00
   5.5803490391422805e+00
   5.9514381750530259e+00
   6.2922556370692604e+00
   6.6011041155330314e+00
   6.8764576608121155e+00
   7.1169679644439494e+00
   7.3214618604882817e+00
   7.4889492760604872e+00
   7.6186297747070357e+00
   7.7098944420771351e+00
   7.7623294025083736e+00
   7.7757126867735105e+00
   7.7500210035383965e+00
   7.6854254168434428e+00
   7.5822893800267037e+00
   7.4411705521463700e+00
   7.2628146457667375e+00
   7.0481485208370307e+00
   6.7982881998422933e+00
   6.5145212162764858e+00
   6.1983080896282114e+00
   5.8512679645450092e+00
   5.4751828133365379e+00
   5.0719912471557418e+00
   4.6437603206323317e+00
   4.1926698261249822e+00
   3.7210305252124058e+00
   3.2312822461233166e+00
   2.7259574623655252e+00
   2.2076350263072109e+00
   1.6789903534173498e+00
   1.1427401532217407e+00
   6.0162973080975901e-01
   5.8436222535976627e-02
  -4.8406540721315511e-01
  -1.0231087346676999e+00
  -1.5559514783488353e+00
  -2.0798908585164080e+00
  -2.5922786469808563e+00
  -3.0905343934418634e+00
  -3.5721608122577515e+00
  -4.0347570798675889e+00
  -4.4760300291279487e+00
  -4.8938086036873827e+00
  -5.2860537437770025e+00
  -5.6508641747470376e+00
  -5.9864863960424968e+00
  -6.2913172426354427e+00
  -6.5639220296502083e+00
  -6.8030312630049332e+00
  -7.0075490367879585e+00
  -7.1765533047571139e+00
  -7.3092913945592297e+00
  -7.4052010732423490e+00
  -7.4638980757414943e+00
  -7.4851793137008569e+00
  -7.4690287662437802e+00
  -7.4156110954744161e+00
  -7.3252691578092142e+00
  -7.1985236534617885e+00
  -7.0360676091793595e+00
  -6.8387715807290963e+00
  -6.6076812217377441e+00
  -6.3440051498283214e+00
  -6.0491107799267558e+00
  -5.7245220740230929e+00
  -5.3719147753357035e+00
  -4.9931064540027998e+00
  -4.5900479731722292e+00
  -4.1648177485388027e+00
  -3.7196085277580697e+00
  -3.2567169130213252e+00
  -2.7785328266446436e+00
  -2.2875291770275075e+00
  -1.7862459514428055e+00
  -1.2772792747135993e+00
  -7.6326709804204473e-01
  -2.4687189903467563e-01
   2.6923439083675665e-01
   7.8238592496651038e-01
   1.2899368336206949e+00
   1.7892772183973262e+00
   2.2778489660949091e+00
   2.7531605893876794e+00
   3.2128000432660229e+00
   3.6544487342204071e+00
   4.0758956622142994e+00
   4.4750456698162209e+00
   4.8499334521558959e+00
   5.1987310005715344e+00
   5.5197545283199609e+00
   5.8114814948187581e+00
   6.0725523532899794e+00
   6.3017705024082886e+00
   6.4981106818970948e+00
   6.6607220649939078e+00
   6.7889307893152608e+00
   6.8822462705243668e+00
   6.9403628949464782e+00
   6.9631484427926891e+00
   6.9506466513382188e+00
   6.9030811328506756e+00
   6.8208549481574501e+00
   6.7045390788744292e+00
   6.5548765072477817e+00
   6.3727771384856648e+00
   6.1593034353396803e+00
   5.9156745515598894e+00
   5.6432593005717795e+00
   5.3435664629590818e+00
   5.0182379964588897e+00
   4.6690429090699386e+00
   4.2978700943742449e+00
   3.9067115847004281e+00
   3.4976556405491843e+00
   3.0728717408512707e+00
   2.6346090356874239e+00
   2.1851893320728228e+00
   1.7269846664685182e+00
   1.2623943424971062e+00
   7.9384501875103886e-01
   3.2377518527004651e-01
  -1.4537918285320972e-01
  -6.1120047314678427e-01
  -1.0713041509205334e+00
  -1.5233483732535955e+00
  -1.9650436497583710e+00
  -2.3941731649139171e+00
  -2.8086005504808247e+00
  -3.2062812712955462e+00
  -3.5852751249626240e+00
  -3.9437566092329344e+00
  -4.2800200074189689e+00
  -4.5924867019415565e+00
  -4.8797131698075171e+00
  -5.1403994306701986e+00
  -5.3733940182966240e+00
  -5.5776991337906674e+00
  -5.7524638147310743e+00
  -5.8970005352769608e+00
  -6.0107786594535080e+00
  -6.0934263233223014e+00
  -6.1447277282446269e+00
  -6.1646239746156040e+00
  -6.1532139686342751e+00
  -6.1107542114272739e+00
  -6.0376513145097972e+00
  -5.9344628353565607e+00
  -5.8018884769574353e+00
  -5.6407680355430259e+00
  -5.4520823184290510e+00
  -5.2369452153125557e+00
  -4.9965980670695922e+00
  -4.7324030853064389e+00
  -4.4458356132011243e+00
  -4.1384804369384289e+00
  -3.8120268822228920e+00
  -3.4682567160808788e+00
  -3.1090348256558982e+00
  -2.7363011021756853e+00
  -2.3520599453292292e+00
  -1.9583716411480256e+00
  -1.5573394707312951e+00
  -1.1510980887583309e+00
  -7.4180330045933363e-01
  -3.3161934528019971e-01
   7.7294359200619750e-02
   4.8279353781907663e-01
   8.8276191516007407e-01
   1.2751240532879093e+00
   1.6578579922060925e+00
   2.0290075616564360e+00
   2.3866944022514875e+00
   2.7291254549330084e+00
   3.0546065182959845e+00
   3.3615492711959138e+00
